<?xml version='1.0' encoding='utf-8'?>
<!-- FreeCAD DocumentObject -->
<Document SchemaVersion="4" FileVersion="2">
<Object name="Sketch" Extensions="True">
  <Extensions Count="1">
    <Extension type="Part::AttachExtension" name="AttachExtension">
    </Extension>
  </Extensions>
  <Properties Count="19" TransientCount="1">
    <_Property name="_ElementMapVersion" type="App::PropertyString" status="234881024"/>
    <Property name="AttacherType" type="App::PropertyString" status="8">
      <String value="Attacher::AttachEnginePlane"/>
    </Property>
    <Property name="AttachmentOffset" type="App::PropertyPlacement">
      <PropertyPlacement Px="-36.37306695894642" Py="0" Pz="21" Q0="0" Q1="-0.4999999999999999" Q2="0" Q3="0.8660254037844387" A="1.047197551196597" Ox="0" Oy="-1" Oz="0"/>
    </Property>
    <Property name="ColoredElements" type="App::PropertyLinkSubHidden" status="218103808">
      <LinkSub value="" count="0">
      </LinkSub>
    </Property>
    <Property name="Constraints" type="Sketcher::PropertyConstraintList">
      <ConstraintList count="11">
        <Constrain Name="" Type="1" Value="0" First="0" FirstPos="2" Second="1" SecondPos="1" Third="-2000" ThirdPos="0" LabelDistance="10" LabelPosition="0" IsDriving="1" IsInVirtualSpace="0" IsActive="1" />
        <Constrain Name="" Type="1" Value="0" First="1" FirstPos="2" Second="2" SecondPos="1" Third="-2000" ThirdPos="0" LabelDistance="10" LabelPosition="0" IsDriving="1" IsInVirtualSpace="0" IsActive="1" />
        <Constrain Name="" Type="1" Value="0" First="2" FirstPos="2" Second="3" SecondPos="1" Third="-2000" ThirdPos="0" LabelDistance="10" LabelPosition="0" IsDriving="1" IsInVirtualSpace="0" IsActive="1" />
        <Constrain Name="" Type="1" Value="0" First="3" FirstPos="2" Second="0" SecondPos="1" Third="-2000" ThirdPos="0" LabelDistance="10" LabelPosition="0" IsDriving="1" IsInVirtualSpace="0" IsActive="1" />
        <Constrain Name="" Type="2" Value="0" First="0" FirstPos="0" Second="-2000" SecondPos="0" Third="-2000" ThirdPos="0" LabelDistance="10" LabelPosition="0" IsDriving="1" IsInVirtualSpace="0" IsActive="1" />
        <Constrain Name="" Type="3" Value="0" First="1" FirstPos="0" Second="-2000" SecondPos="0" Third="-2000" ThirdPos="0" LabelDistance="10" LabelPosition="0" IsDriving="1" IsInVirtualSpace="0" IsActive="1" />
        <Constrain Name="" Type="3" Value="0" First="3" FirstPos="0" Second="-2000" SecondPos="0" Third="-2000" ThirdPos="0" LabelDistance="10" LabelPosition="0" IsDriving="1" IsInVirtualSpace="0" IsActive="1" />
        <Constrain Name="" Type="14" Value="0" First="1" FirstPos="2" Second="2" SecondPos="2" Third="-2" ThirdPos="0" LabelDistance="10" LabelPosition="0" IsDriving="1" IsInVirtualSpace="0" IsActive="1" />
        <Constrain Name="" Type="7" Value="10" First="2" FirstPos="2" Second="2" SecondPos="1" Third="-2000" ThirdPos="0" LabelDistance="1.561438322067261" LabelPosition="0" IsDriving="1" IsInVirtualSpace="0" IsActive="1" />
        <Constrain Name="" Type="8" Value="5" First="1" FirstPos="2" Second="1" SecondPos="1" Third="-2000" ThirdPos="0" LabelDistance="1.561438322067261" LabelPosition="0" IsDriving="1" IsInVirtualSpace="0" IsActive="1" />
        <Constrain Name="" Type="8" Value="10" First="-1" FirstPos="1" Second="1" SecondPos="2" Third="-2000" ThirdPos="0" LabelDistance="1.561438322067261" LabelPosition="0" IsDriving="1" IsInVirtualSpace="0" IsActive="1" />
      </ConstraintList>
    </Property>
    <Property name="Exports" type="App::PropertyLinkListHidden" status="67108864">
      <LinkList count="0">
      </LinkList>
    </Property>
    <Property name="ExpressionEngine" type="App::PropertyExpressionEngine" status="67108864">
      <ExpressionEngine count="2" cdata="1">
        <Expressions><![CDATA[
0:.AttachmentOffset.Base.x
0:-42 * cos(30)
0:

0:.AttachmentOffset.Base.z
0:42 * sin(30)
0:

]]>
        </Expressions>
      </ExpressionEngine>
    </Property>
    <Property name="ExternalGeo" type="Part::PropertyGeometryList" status="67108864">
      <GeometryList count="2">
        <Geometry type="Part::GeomLineSegment" id="-1" migrated="1">
          <GeoExtensions count="2">
            <GeoExtension type="Sketcher::SketchGeometryExtension" id="-1" internalGeometryType="0" geometryModeFlags="00000000000000000000000000000010"/>
            <GeoExtension type="Sketcher::ExternalGeometryExtension" Ref="" Flags="0"/>
          </GeoExtensions>
          <LineSegment StartX="0" StartY="0" StartZ="0" EndX="1" EndY="0" EndZ="0"/>
          <Construction value="1"/>
        </Geometry>
        <Geometry type="Part::GeomLineSegment" id="-2" migrated="1">
          <GeoExtensions count="2">
            <GeoExtension type="Sketcher::SketchGeometryExtension" id="-2" internalGeometryType="0" geometryModeFlags="00000000000000000000000000000010"/>
            <GeoExtension type="Sketcher::ExternalGeometryExtension" Ref="" Flags="0"/>
          </GeoExtensions>
          <LineSegment StartX="0" StartY="0" StartZ="0" EndX="0" EndY="1" EndZ="0"/>
          <Construction value="1"/>
        </Geometry>
      </GeometryList>
    </Property>
    <Property name="ExternalGeometry" type="App::PropertyLinkSubList" status="16777216">
      <LinkSubList count="0">
      </LinkSubList>
    </Property>
    <Property name="FullyConstrained" type="App::PropertyBool" status="218103808">
      <Bool value="true"/>
    </Property>
    <Property name="Geometry" type="Part::PropertyGeometryList" status="8192">
      <GeometryList count="4">
        <Geometry type="Part::GeomLineSegment" id="1" migrated="1">
          <GeoExtensions count="1">
            <GeoExtension type="Sketcher::SketchGeometryExtension" id="1" internalGeometryType="0" geometryModeFlags="00000000000000000000000000000000"/>
          </GeoExtensions>
          <LineSegment StartX="-5" StartY="15" StartZ="0" EndX="5" EndY="15" EndZ="0"/>
          <Construction value="0"/>
        </Geometry>
        <Geometry type="Part::GeomLineSegment" id="2" migrated="1">
          <GeoExtensions count="1">
            <GeoExtension type="Sketcher::SketchGeometryExtension" id="2" internalGeometryType="0" geometryModeFlags="00000000000000000000000000000000"/>
          </GeoExtensions>
          <LineSegment StartX="5" StartY="15" StartZ="0" EndX="5" EndY="10" EndZ="0"/>
          <Construction value="0"/>
        </Geometry>
        <Geometry type="Part::GeomLineSegment" id="3" migrated="1">
          <GeoExtensions count="1">
            <GeoExtension type="Sketcher::SketchGeometryExtension" id="3" internalGeometryType="0" geometryModeFlags="00000000000000000000000000000000"/>
          </GeoExtensions>
          <LineSegment StartX="5" StartY="10" StartZ="0" EndX="-5" EndY="10" EndZ="0"/>
          <Construction value="0"/>
        </Geometry>
        <Geometry type="Part::GeomLineSegment" id="4" migrated="1">
          <GeoExtensions count="1">
            <GeoExtension type="Sketcher::SketchGeometryExtension" id="4" internalGeometryType="0" geometryModeFlags="00000000000000000000000000000000"/>
          </GeoExtensions>
          <LineSegment StartX="-5" StartY="10" StartZ="0" EndX="-5" EndY="15" EndZ="0"/>
          <Construction value="0"/>
        </Geometry>
      </GeometryList>
    </Property>
    <Property name="Label" type="App::PropertyString" status="134217728">
      <String value="Sketch"/>
    </Property>
    <Property name="Label2" type="App::PropertyString" status="128">
      <String value=""/>
    </Property>
    <Property name="MapMode" type="App::PropertyEnumeration">
      <Integer value="5"/>
    </Property>
    <Property name="MapPathParameter" type="App::PropertyFloat" status="8">
      <Float value="0"/>
    </Property>
    <Property name="MapReversed" type="App::PropertyBool">
      <Bool value="false"/>
    </Property>
    <Property name="Placement" type="App::PropertyPlacement" status="8388612">
      <PropertyPlacement Px="-36.37306695894642" Py="-21" Pz="4.662936703425657e-15" Q0="0.6123724356957946" Q1="-0.3535533905932738" Q2="-0.3535533905932737" Q3="0.6123724356957947" A="1.823476581936975" Ox="0.7745966692414835" Oy="-0.447213595499958" Oz="-0.4472135954999579"/>
    </Property>
    <Property name="Shape" type="Part::PropertyPartShape">
      <Part ElementMap="0.15.70200.4" brep="1">
<![CDATA[

CASCADE Topology V1, (c) Matra-Datavision
Locations 8
1
            0.5 -8.32667268468867e-17 -0.866025403784439 -36.3730669589464 
-0.866025403784439 1.44222201478767e-16            -0.5             -21 
1.66533453693773e-16               1               0 4.66293670342566e-15 
1
              1               0               0               0 
              0               1               0               0 
              0               0               1               0 
1
            0.5 -8.32667268468867e-17 -0.866025403784439 -36.3730669589464 
-0.866025403784439 1.44222201478767e-16            -0.5             -21 
1.66533453693773e-16               1               0 4.66293670342566e-15 
1
              1               0               0               0 
              0               1               0               0 
              0               0               1               0 
2  2 1 3 -1 4 -1 0
1
              1               0               0 2.59807621135332 
              0               1               0             1.5 
              0               0               1 -3.33066907387547e-16 
2  6 -1 2 1 3 -1 4 -1 0
2  3 -1 4 -1 0
Curve2ds 12
1 0 0 1 1.8488927466117453e-32 
1 -1.7763568394002505e-15 -3.0000000000000009 1 1.8488927466117453e-32 
1 5.0000000000000009 2.4999999999999964 -1 1.6653345369377346e-16 
1 0 0 1 -1.2325951644078309e-32 
1 1.7763568394002505e-15 -3 1 -1.2325951644078309e-32 
1 -5.0000000000000009 2.4999999999999964 -1.6653345369377343e-16 -1 
1 -5.0000000000000009 -2.5000000000000053 1 -1.6653345369377346e-16 
1 0 0 1 -1.8488927466117453e-32 
1 2.2204460492503131e-16 -3 1 -1.8488927466117453e-32 
1 0 0 1 1.2325951644078309e-32 
1 -1.7763568394002505e-15 -3 1 1.2325951644078309e-32 
1 5.0000000000000009 -2.5000000000000053 1.6653345369377343e-16 1 
Curves 4
1 -5 15 0 1 0 0 
1 5 15 0 0 -1 0 
1 5 10 0 -1 0 0 
1 -5 10 0 0 1 0 
Polygon3D 0
PolygonOnTriangulations 0
Surfaces 5
1 -38.873066958946424 -16.669872981077802 15.000000000000009 -1.2881407472291426e-17 -1.9973335271002508e-16 -1 0.49999999999999994 -0.86602540378443871 1.6653345369377348e-16 -0.86602540378443871 -0.49999999999999994 1.1102230246251559e-16 
1 -36.373066958946424 -20.999999999999996 12.500000000000012 0.86602540378443871 0.49999999999999989 2.2098179923380654e-17 -0.49999999999999989 0.86602540378443871 -1.5407439555097887e-33 -1.9137585191046909e-17 -1.1049089961690322e-17 1 
1 -33.873066958946424 -25.330127018922191 15.000000000000009 -0.50000000000000011 0.8660254037844386 -1.6653345369377346e-16 8.3266726846886716e-17 -1.442222014787673e-16 -1 -0.8660254037844386 -0.50000000000000011 3.6977854932234928e-32 
1 -33.873066958946424 -25.330127018922191 10.000000000000007 1.2881407472291426e-17 1.9973335271002508e-16 1 -0.49999999999999994 0.86602540378443871 -1.6653345369377348e-16 -0.86602540378443871 -0.49999999999999994 1.1102230246251559e-16 
1 -38.873066958946424 -16.669872981077802 10.000000000000007 0.50000000000000011 -0.8660254037844386 1.6653345369377346e-16 -8.3266726846886716e-17 1.442222014787673e-16 1 -0.8660254037844386 -0.50000000000000011 3.6977854932234928e-32 
Triangulations 0

TShapes 9
Ve
1e-07
-5 15 0
0 0

0101101
*
Ve
1e-07
5 15 0
0 0

0101101
*
Ed
 1e-07 1 1 0
1  1 0 0 10
2  1 1 5 0 10
2  2 1 7 0 10
2  3 2 8 0 10
0

0101000
+9 0 -8 0 *
Ve
1e-07
5 10 0
0 0

0101101
*
Ed
 1e-07 1 1 0
1  2 0 0 5
2  4 3 5 0 5
2  5 3 7 0 5
2  6 2 8 0 5
0

0101000
+8 0 -6 0 *
Ve
1e-07
-5 10 0
0 0

0101101
*
Ed
 1e-07 1 1 0
1  3 0 0 10
2  7 2 8 0 10
2  8 4 5 0 10
2  9 4 7 0 10
0

0101000
+6 0 -4 0 *
Ed
 1e-07 1 1 0
1  4 0 0 5
2  10 5 5 0 5
2  11 5 7 0 5
2  12 2 8 0 5
0

0101000
+4 0 -9 0 *
Wi

0101100
+7 0 +5 0 +3 0 +2 0 *

+1 1 ]]>
      </Part>
      <ElementMap new="1" count="1"><Element key="Dummy" value="Dummy"/></ElementMap>
      <ElementMap2 count="12">
<![CDATA[
14 PostfixCount 3
Edge
Vertex
;SKT

MapCount 1

ElementMap 1 14 2

Edge

ChildCount 0

NameCount 5
0
;g1.3 0
;g2.3 0
;g3.3 0
;g4.3 0

Vertex

ChildCount 0

NameCount 5
0
;g1v1.3 ;g4v2.3 0
;g1v2.3 ;g2v1.3 0
;g2v2.3 ;g3v1.3 0
;g3v2.3 ;g4v1.3 0

EndMap
]]>
      </ElementMap2>
    </Property>
    <Property name="Support" type="App::PropertyLinkSubList">
      <LinkSubList count="1">
        <Link obj="XZ_Plane" sub=""/>
      </LinkSubList>
    </Property>
    <Property name="Visibility" type="App::PropertyBool" status="648">
      <Bool value="false"/>
    </Property>
  </Properties>
</Object>
</Document>
