<?xml version='1.0' encoding='utf-8'?>
<!-- FreeCAD DocumentObject -->
<Document SchemaVersion="4" FileVersion="2">
<Object name="Pad003">
  <Properties Count="46" TransientCount="2">
    <_Property name="_Body" type="App::PropertyLinkHidden" status="251658240"/>
    <_Property name="_ElementMapVersion" type="App::PropertyString" status="234881024"/>
    <Property name="AddSubShape" type="Part::PropertyPartShape">
      <Part HasherIndex="0" ElementMap="1.15.70200.4" brep="1">
<![CDATA[

CASCADE Topology V1, (c) Matra-Datavision
Locations 44
1
0.707106781186548 -2.97281036416984e-17 0.707106781186548 17.6776695296637 
0.707106781186548 -3.62795011029245e-16 -0.707106781186548 -17.6776695296637 
2.77555756156289e-16               1 -2.35513868802566e-16 4.85722573273506e-15 
1
              1               0               0 -4.24264068711929 
              0               1               0 4.24264068711929 
              0               0               1 8.32667268468867e-17 
2  1 1 2 1 0
1
0.707106781186548 -2.97281036416984e-17 0.707106781186548 17.6776695296637 
0.707106781186548 -3.62795011029245e-16 -0.707106781186548 -17.6776695296637 
2.77555756156289e-16               1 -2.35513868802566e-16 4.85722573273506e-15 
1
              1               0               0               0 
              0               1               0               0 
              0               0               1               0 
2  4 -1 5 -1 0
1
              1               0               0 -3.53553390593274 
              0               1               0 3.53553390593274 
              0               0               1 6.93889390390723e-17 
2  7 -1 4 -1 5 -1 0
1
0.707106781186548 -2.97281036416984e-17 0.707106781186548 17.6776695296637 
0.707106781186548 -3.62795011029245e-16 -0.707106781186548 -17.6776695296637 
2.77555756156289e-16               1 -2.35513868802566e-16 4.85722573273506e-15 
1
              1               0               0               0 
              0               1               0               0 
              0               0               1               0 
2  9 -1 10 -1 0
1
              1               0               0 -3.53553390593274 
              0               1               0 3.53553390593274 
              0               0               1 6.93889390390723e-17 
2  12 -1 9 -1 10 -1 0
1
0.707106781186548 -2.97281036416984e-17 0.707106781186548 17.6776695296637 
0.707106781186548 -3.62795011029245e-16 -0.707106781186548 -17.6776695296637 
2.77555756156289e-16               1 -2.35513868802566e-16 4.85722573273506e-15 
1
              1               0               0               0 
              0               1               0               0 
              0               0               1               0 
2  14 -1 15 -1 0
1
              1               0               0 -3.53553390593274 
              0               1               0 3.53553390593274 
              0               0               1 6.93889390390723e-17 
2  17 -1 14 -1 15 -1 0
1
0.707106781186548 -2.97281036416984e-17 0.707106781186548 17.6776695296637 
0.707106781186548 -3.62795011029245e-16 -0.707106781186548 -17.6776695296637 
2.77555756156289e-16               1 -2.35513868802566e-16 4.85722573273506e-15 
1
              1               0               0               0 
              0               1               0               0 
              0               0               1               0 
2  19 -1 20 -1 0
1
              1               0               0 -3.53553390593274 
              0               1               0 3.53553390593274 
              0               0               1 6.93889390390723e-17 
2  22 -1 19 -1 20 -1 0
1
0.707106781186548 -2.97281036416984e-17 0.707106781186548 17.6776695296637 
0.707106781186548 -3.62795011029245e-16 -0.707106781186548 -17.6776695296637 
2.77555756156289e-16               1 -2.35513868802566e-16 4.85722573273506e-15 
1
              1               0               0               0 
              0               1               0               0 
              0               0               1               0 
2  24 -1 25 -1 0
1
              1               0               0 7.07106781186547 
              0               1               0 -7.07106781186547 
              0               0               1 -1.38777878078145e-16 
2  27 -1 24 -1 25 -1 0
2  1 -1 0
1
              1               0               0 7.07106781186547 
              0               1               0 -7.07106781186547 
              0               0               1 -1.38777878078145e-16 
2  30 -1 1 -1 0
1
              1               0               0 -7.07106781186547 
              0               1               0 7.07106781186547 
              0               0               1 1.38777878078145e-16 
2  32 -1 1 -1 0
1
              1               0               0 -7.07106781186547 
              0               1               0 7.07106781186547 
              0               0               1 1.38777878078145e-16 
2  34 -1 1 -1 0
1
              1               0               0 -5.65685424949238 
              0               1               0 5.65685424949238 
              0               0               1 1.11022302462516e-16 
2  36 -1 1 -1 0
1
              1               0               0 -4.94974746830583 
              0               1               0 4.94974746830583 
              0               0               1 9.71445146547011e-17 
2  38 -1 1 -1 0
1
              1               0               0 -4.24264068711928 
              0               1               0 4.24264068711928 
              0               0               1 8.32667268468867e-17 
2  40 -1 1 -1 0
1
              1               0               0 -4.24264068711929 
              0               1               0 4.24264068711929 
              0               0               1 8.32667268468867e-17 
2  42 -1 1 -1 0
2  2 -1 1 -1 0
Curve2ds 56
1 4.7123889803846986 0 0 -1 
1 7.8539816339744783 0 0 -1 
1 0 0 1 0 
1 0 -5 1 0 
1 0 0 1 0 
1 0 -5 1 0 
1 0 0 1 0 
1 0 -5 1 0 
1 0 0 1 0 
1 0 -5 1 0 
1 0 0 1 0 
1 0 -10 1 0 
1 0 0 1 0 
1 0 -10 1 0 
1 0 0 1 0 
1 0 -10 1 0 
1 0 0 1 0 
1 0 -10 1 0 
1 0 0 1 0 
1 0 -7.9999999999999991 1 0 
1 0 0 1 0 
1 0 -6.9999999999999991 1 0 
1 0 0 1 0 
1 0 -5.9999999999999991 1 0 
1 0 0 1 0 
1 0 -6.0000000000000009 1 0 
1 0 0 1 0 
1 0 -6.0000000000000009 1 0 
1 1.570796326794893 0 0 -1 
1 4.7123889803842225 0 0 -1 
1 0 0 1 0 
1 0 -5 1 0 
1 0 0 1 0 
1 0 -5 1 0 
1 0 0 1 0 
1 0 -5 1 0 
1 0 0 1 0 
1 0 -5 1 0 
1 0 0 1 0 
1 0 -10 1 0 
1 0 0 1 0 
1 0 -10 1 0 
1 0 0 1 0 
1 0 -10 1 0 
1 0 0 1 0 
1 0 -10 1 0 
1 0 0 1 0 
1 0 -7.9999999999999991 1 0 
1 0 0 1 0 
1 0 -6.9999999999999991 1 0 
1 0 0 1 0 
1 0 -5.9999999999999991 1 0 
1 0 0 1 0 
1 0 -6.0000000000000009 1 0 
1 0 0 1 0 
1 0 -6.0000000000000009 1 0 
Curves 8
1 -17.677669529662882 -53.03300858899027 9.4999999999996021 -0.70710678118654746 0.70710678118654746 1.3877787807814451e-17 
1 -17.677669529662897 -53.033008588990299 20.500000000000615 -0.70710678118654746 0.70710678118654746 1.3877787807814451e-17 
2 -49.999999999998899 15.000000000000467 0 0 0 1 1 0 -0 -0 1 0 5.5
1 -23.334523779156076 -58.689862838483478 20.500000000000167 -0.70710678118654746 0.70710678118654746 1.3877787807814451e-17 
1 -49.99999999999887 20.500000000000774 0 -1 -5.462297281154999e-14 0 
1 -23.334523779157909 -58.689862838485297 9.4999999999982716 -0.70710678118654746 0.70710678118654746 1.3877787807814451e-17 
2 -58.000000000000021 15.000000000000021 0 0 0 1 1 0 -0 -0 1 0 5.5
1 -58.000000000002593 9.4999999999965414 0 1 2.7644553313153458e-13 0 
Polygon3D 0
PolygonOnTriangulations 0
Surfaces 29
2 -17.677669529662918 -53.033008588990313 15.000000000000462 0.70710678118654757 -0.70710678118654757 -2.3551386880256624e-16 0.70710678118654757 0.70710678118654757 2.7755575615628909e-16 -2.9728103641698396e-17 -3.6279501102924527e-16 1 5.5000000000000009
1 -23.334523779157909 -58.689862838485297 9.4999999999965326 1.9566295958550718e-13 1.9568258574124073e-13 -1 0.70710678118654757 0.70710678118654757 2.7672308888769087e-13 0.70710678118654757 -0.70710678118654757 -1.3877787807814457e-17 
1 -17.677669529662897 -53.033008588990299 20.500000000000767 -3.8810722963084108e-14 -3.8830349118817659e-14 1 -0.70710678118654757 -0.70710678118654757 -5.4900528567706279e-14 0.70710678118654757 -0.70710678118654757 -1.3877787807817612e-17 
2 -17.677669529662911 -53.033008588990313 15.000000000000458 0.70710678118654757 -0.70710678118654757 -2.3551386880256624e-16 0.70710678118654757 0.70710678118654757 2.7755575615628909e-16 -2.9728103641698396e-17 -3.6279501102924527e-16 1 5.5
2 -17.677669529662911 -53.033008588990313 15.000000000000458 0.70710678118654757 -0.70710678118654757 -2.3551386880256624e-16 0.70710678118654757 0.70710678118654757 2.7755575615628909e-16 -2.9728103641698396e-17 -3.6279501102924527e-16 1 5.5
2 -17.677669529662911 -53.033008588990313 15.000000000000458 0.70710678118654757 -0.70710678118654757 -2.3551386880256624e-16 0.70710678118654757 0.70710678118654757 2.7755575615628909e-16 -2.9728103641698396e-17 -3.6279501102924527e-16 1 5.5
2 -17.677669529662911 -53.033008588990313 15.000000000000458 0.70710678118654757 -0.70710678118654757 -2.3551386880256624e-16 0.70710678118654757 0.70710678118654757 2.7755575615628909e-16 -2.9728103641698396e-17 -3.6279501102924527e-16 1 5.5
2 -17.677669529662911 -53.033008588990313 15.000000000000458 -0.70710678118654757 0.70710678118654757 2.3551386880256624e-16 0.70710678118654757 0.70710678118654757 2.7755575615628909e-16 -2.9728103641698396e-17 -3.6279501102924527e-16 1 5.5
2 -17.677669529662918 -53.033008588990313 15.000000000000462 -0.70710678118654757 0.70710678118654757 2.3551386880256624e-16 0.70710678118654757 0.70710678118654757 2.7755575615628909e-16 -2.9728103641698396e-17 -3.6279501102924527e-16 1 5.5000000000000009
2 -17.677669529662918 -53.033008588990313 15.000000000000462 0.70710678118654757 -0.70710678118654757 -2.3551386880256624e-16 0.70710678118654757 0.70710678118654757 2.7755575615628909e-16 -2.9728103641698396e-17 -3.6279501102924527e-16 1 5.5000000000000009
2 -17.677669529662918 -53.033008588990313 15.000000000000462 0.70710678118654757 -0.70710678118654757 -2.3551386880256624e-16 0.70710678118654757 0.70710678118654757 2.7755575615628909e-16 -2.9728103641698396e-17 -3.6279501102924527e-16 1 5.5000000000000009
2 -17.677669529662918 -53.033008588990313 15.000000000000462 0.70710678118654757 -0.70710678118654757 -2.3551386880256624e-16 0.70710678118654757 0.70710678118654757 2.7755575615628909e-16 -2.9728103641698396e-17 -3.6279501102924527e-16 1 5.5000000000000009
2 -17.677669529662918 -53.033008588990313 15.000000000000462 0.70710678118654757 -0.70710678118654757 -2.3551386880256624e-16 0.70710678118654757 0.70710678118654757 2.7755575615628909e-16 -2.9728103641698396e-17 -3.6279501102924527e-16 1 5.5000000000000009
2 -17.677669529662918 -53.033008588990313 15.000000000000462 0.70710678118654757 -0.70710678118654757 -2.3551386880256624e-16 0.70710678118654757 0.70710678118654757 2.7755575615628909e-16 -2.9728103641698396e-17 -3.6279501102924527e-16 1 5.5000000000000009
2 -17.677669529662918 -53.033008588990313 15.000000000000462 0.70710678118654757 -0.70710678118654757 -2.3551386880256624e-16 0.70710678118654757 0.70710678118654757 2.7755575615628909e-16 -2.9728103641698396e-17 -3.6279501102924527e-16 1 5.5000000000000009
2 -23.33452377915609 -58.689862838483492 15.000000000000014 0.70710678118654757 -0.70710678118654757 -2.3551386880256624e-16 0.70710678118654757 0.70710678118654757 2.7755575615628909e-16 -2.9728103641698396e-17 -3.6279501102924527e-16 1 5.5000000000000009
2 -23.334523779156083 -58.689862838483478 15.000000000000011 0.70710678118654757 -0.70710678118654757 -2.3551386880256624e-16 0.70710678118654757 0.70710678118654757 2.7755575615628909e-16 -2.9728103641698396e-17 -3.6279501102924527e-16 1 5.5
2 -23.334523779156083 -58.689862838483478 15.000000000000011 0.70710678118654757 -0.70710678118654757 -2.3551386880256624e-16 0.70710678118654757 0.70710678118654757 2.7755575615628909e-16 -2.9728103641698396e-17 -3.6279501102924527e-16 1 5.5
2 -23.334523779156083 -58.689862838483478 15.000000000000011 0.70710678118654757 -0.70710678118654757 -2.3551386880256624e-16 0.70710678118654757 0.70710678118654757 2.7755575615628909e-16 -2.9728103641698396e-17 -3.6279501102924527e-16 1 5.5
2 -23.334523779156083 -58.689862838483478 15.000000000000011 0.70710678118654757 -0.70710678118654757 -2.3551386880256624e-16 0.70710678118654757 0.70710678118654757 2.7755575615628909e-16 -2.9728103641698396e-17 -3.6279501102924527e-16 1 5.5
2 -23.334523779156083 -58.689862838483478 15.000000000000011 -0.70710678118654757 0.70710678118654757 2.3551386880256624e-16 0.70710678118654757 0.70710678118654757 2.7755575615628909e-16 -2.9728103641698396e-17 -3.6279501102924527e-16 1 5.5
2 -23.33452377915609 -58.689862838483492 15.000000000000014 -0.70710678118654757 0.70710678118654757 2.3551386880256624e-16 0.70710678118654757 0.70710678118654757 2.7755575615628909e-16 -2.9728103641698396e-17 -3.6279501102924527e-16 1 5.5000000000000009
2 -23.33452377915609 -58.689862838483492 15.000000000000014 0.70710678118654757 -0.70710678118654757 -2.3551386880256624e-16 0.70710678118654757 0.70710678118654757 2.7755575615628909e-16 -2.9728103641698396e-17 -3.6279501102924527e-16 1 5.5000000000000009
2 -23.33452377915609 -58.689862838483492 15.000000000000014 0.70710678118654757 -0.70710678118654757 -2.3551386880256624e-16 0.70710678118654757 0.70710678118654757 2.7755575615628909e-16 -2.9728103641698396e-17 -3.6279501102924527e-16 1 5.5000000000000009
2 -23.33452377915609 -58.689862838483492 15.000000000000014 0.70710678118654757 -0.70710678118654757 -2.3551386880256624e-16 0.70710678118654757 0.70710678118654757 2.7755575615628909e-16 -2.9728103641698396e-17 -3.6279501102924527e-16 1 5.5000000000000009
2 -23.33452377915609 -58.689862838483492 15.000000000000014 0.70710678118654757 -0.70710678118654757 -2.3551386880256624e-16 0.70710678118654757 0.70710678118654757 2.7755575615628909e-16 -2.9728103641698396e-17 -3.6279501102924527e-16 1 5.5000000000000009
2 -23.33452377915609 -58.689862838483492 15.000000000000014 0.70710678118654757 -0.70710678118654757 -2.3551386880256624e-16 0.70710678118654757 0.70710678118654757 2.7755575615628909e-16 -2.9728103641698396e-17 -3.6279501102924527e-16 1 5.5000000000000009
2 -23.33452377915609 -58.689862838483492 15.000000000000014 0.70710678118654757 -0.70710678118654757 -2.3551386880256624e-16 0.70710678118654757 0.70710678118654757 2.7755575615628909e-16 -2.9728103641698396e-17 -3.6279501102924527e-16 1 5.5000000000000009
1 -20.506096654409554 -55.861435713736945 14.999999999999821 0.70710678118654768 -0.70710678118654735 -8.2215750563778752e-16 0.70710678118654735 0.70710678118654768 0 5.8135314743989688e-16 -5.8135314743989658e-16 1 
Triangulations 0

TShapes 24
Ve
1.00000857092175e-07
-49.9999999999988 9.49999999999961 0
0 0

0101101
*
Ed
 1.00000857092175e-07 1 1 0
1  1 0 0 6
2  1 1 0 0 6
4 G1 1 0 2 0
0

0101000
+24 1 -24 3 *
Ve
1.00000152766688e-07
-49.9999999999989 20.5000000000006 0
0 0

0101101
*
Ed
 1.00000152766688e-07 1 1 0
1  2 0 0 6
2  2 1 0 0 6
4 G1 1 0 3 0
0

0101000
+22 1 -22 3 *
Ed
 1e-07 1 1 0
1  3 0 4.7123889803847 7.85398163397448
2  3 4 6 4.7123889803847 7.85398163397448
2  4 4 8 4.7123889803847 7.85398163397448
2  5 5 11 4.7123889803847 7.85398163397448
2  6 5 13 4.7123889803847 7.85398163397448
2  7 6 16 4.7123889803847 7.85398163397448
2  8 6 18 4.7123889803847 7.85398163397448
2  9 7 21 4.7123889803847 7.85398163397448
2  10 7 23 4.7123889803847 7.85398163397448
2  11 8 26 4.7123889803847 7.85398163397448
2  12 8 28 4.7123889803847 7.85398163397448
2  13 9 29 4.7123889803847 7.85398163397448
2  14 9 31 4.7123889803847 7.85398163397448
2  15 10 29 4.7123889803847 7.85398163397448
2  16 10 33 4.7123889803847 7.85398163397448
2  17 11 29 4.7123889803847 7.85398163397448
2  18 11 35 4.7123889803847 7.85398163397448
2  19 12 29 4.7123889803847 7.85398163397448
2  20 12 37 4.7123889803847 7.85398163397448
2  21 13 29 4.7123889803847 7.85398163397448
2  22 13 39 4.7123889803847 7.85398163397448
2  23 14 29 4.7123889803847 7.85398163397448
2  24 14 41 4.7123889803847 7.85398163397448
2  25 15 29 4.7123889803847 7.85398163397448
2  26 15 43 4.7123889803847 7.85398163397448
2  27 1 29 4.7123889803847 7.85398163397448
2  28 1 44 4.7123889803847 7.85398163397448
0

0101000
+24 0 -22 0 *
Wi

0101100
+23 0 -21 0 -20 1 +20 3 *
Fa
0  1e-07 1 0

0101000
+19 0 *
Ve
1.00000158095759e-07
-58 20.5000000000002 0
0 0

0101101
*
Ed
 1.00000158095759e-07 1 1 0
1  4 0 0 6
2  29 16 0 0 6
4 G1 3 0 16 0
0

0101000
+17 1 -17 3 *
Ed
 1e-07 1 1 0
1  5 0 0 8.00000000000113
0

0101000
+22 0 -17 0 *
Wi

0101100
+21 0 -16 0 -15 1 +15 3 *
Fa
0  1e-07 3 0

0101000
+14 0 *
Ve
1.00001739941524e-07
-58.0000000000026 9.49999999999828 0
0 0

0101101
*
Ed
 1.00001739941524e-07 1 1 0
1  6 0 0 6
2  30 16 0 0 6
4 G1 16 0 2 0
0

0101000
+12 1 -12 3 *
Ed
 1e-07 1 1 0
1  7 0 1.57079632679489 4.71238898038422
2  31 17 6 1.57079632679489 4.71238898038422
2  32 17 8 1.57079632679489 4.71238898038422
2  33 18 11 1.57079632679489 4.71238898038422
2  34 18 13 1.57079632679489 4.71238898038422
2  35 19 16 1.57079632679489 4.71238898038422
2  36 19 18 1.57079632679489 4.71238898038422
2  37 20 21 1.57079632679489 4.71238898038422
2  38 20 23 1.57079632679489 4.71238898038422
2  39 21 26 1.57079632679489 4.71238898038422
2  40 21 28 1.57079632679489 4.71238898038422
2  41 22 29 1.57079632679489 4.71238898038422
2  42 22 31 1.57079632679489 4.71238898038422
2  43 23 29 1.57079632679489 4.71238898038422
2  44 23 33 1.57079632679489 4.71238898038422
2  45 24 29 1.57079632679489 4.71238898038422
2  46 24 35 1.57079632679489 4.71238898038422
2  47 25 29 1.57079632679489 4.71238898038422
2  48 25 37 1.57079632679489 4.71238898038422
2  49 26 29 1.57079632679489 4.71238898038422
2  50 26 39 1.57079632679489 4.71238898038422
2  51 27 29 1.57079632679489 4.71238898038422
2  52 27 41 1.57079632679489 4.71238898038422
2  53 28 29 1.57079632679489 4.71238898038422
2  54 28 43 1.57079632679489 4.71238898038422
2  55 16 29 1.57079632679489 4.71238898038422
2  56 16 44 1.57079632679489 4.71238898038422
0

0101000
+17 0 -12 0 *
Wi

0101100
+16 0 -11 0 -10 1 +10 3 *
Fa
0  1e-07 16 0

0101000
+9 0 *
Ed
 1e-07 1 1 0
1  8 0 0 8.00000000000374
0

0101000
+12 0 -24 0 *
Wi

0101100
+11 0 -23 0 -7 1 +7 3 *
Fa
0  1e-07 2 0

0101000
+6 0 *
Wi

0101100
+20 1 +15 1 +10 1 +7 1 *
Fa
0  1e-07 29 0

0111000
+4 0 *
Sh

0101100
+18 0 +13 0 +8 0 +5 0 +3 0 -3 2 *
So

1100000
+2 0 *

+1 0 ]]>
      </Part>
      <ElementMap new="1" count="1"><Element key="Dummy" value="Dummy"/></ElementMap>
      <ElementMap2 count="26">
<![CDATA[
31 PostfixCount 12
Edge
Face
Vertex
;:G;XTR;:H82f:7,F
;FAC;:H82f:4,F
;:G;XTR;:H82f:7,E
;:G0;XTR;:H82f:8,F
;:U;XTR;:H82f:7,E
;:U;XTR;:H82f:7,V
;SKT;:H82f,E;WIR;:H82f:4,E
;SKT;:H82f,V;WIR;:H82f:4,V
;SKT;:H82f,V;D1;:H82f:3,V;WIR;:H82f:4,V

MapCount 1

ElementMap 1 31 3

Edge

ChildCount 0

NameCount 13
0
$#267a.6 0
$#267b.6 0
;g8.a 0
$#2682.8 0
$#267c.6 0
;g10.a 0
$#2683.8 0
$#267d.6 0
;g7.a 0
$#2684.8 0
;g9.a 0
$#2685.8 0

Face

ChildCount 0

NameCount 7
0
$#267e.4 0
$#267f.4 0
$#2679.4 0
$#2680.4 0
$#2679.5 0
$#2681.7 0

Vertex

ChildCount 0

NameCount 9
0
;g9v2.b 0
$#2686.9 0
;g8v2.b 0
$#2687.9 0
;g8v2.c 0
$#2688.9 0
;g7v1.b 0
$#2689.9 0

EndMap
]]>
      </ElementMap2>
    </Property>
    <Property name="AddSubType" type="App::PropertyEnumeration">
      <Integer value="1"/>
    </Property>
    <Property name="AllowMultiFace" type="App::PropertyBool">
      <Bool value="true"/>
    </Property>
    <Property name="AlongSketchNormal" type="App::PropertyBool" status="4">
      <Bool value="false"/>
    </Property>
    <Property name="AutoTaperInnerAngle" type="App::PropertyBool">
      <Bool value="true"/>
    </Property>
    <Property name="BaseFeature" type="App::PropertyLink" status="8">
      <Link value="Pad001"/>
    </Property>
    <Property name="CheckUpToFaceLimits" type="App::PropertyBool">
      <Bool value="true"/>
    </Property>
    <Property name="ClaimChildren" type="App::PropertyBool" status="134217728">
      <Bool value="false"/>
    </Property>
    <Property name="ColoredElements" type="App::PropertyLinkSubHidden" status="218103808">
      <LinkSub value="" count="0">
      </LinkSub>
    </Property>
    <Property name="Direction" type="App::PropertyVector" status="4">
      <PropertyVector valueX="0.7071067811865477" valueY="-0.7071067811865477" valueZ="-1.387778780781446e-17"/>
    </Property>
    <Property name="ExpressionEngine" type="App::PropertyExpressionEngine" status="67108864">
      <ExpressionEngine count="0"></ExpressionEngine>
    </Property>
    <Property name="Fit" type="App::PropertyDistance">
      <Float value="0"/>
    </Property>
    <Property name="FitJoin" type="App::PropertyEnumeration">
      <Integer value="0"/>
    </Property>
    <Property name="FixShape" type="App::PropertyEnumeration">
      <Integer value="1"/>
    </Property>
    <Property name="InnerFit" type="App::PropertyDistance">
      <Float value="0"/>
    </Property>
    <Property name="InnerFitJoin" type="App::PropertyEnumeration">
      <Integer value="0"/>
    </Property>
    <Property name="InvalidShape" type="App::PropertyBool" status="67108864">
      <Bool value="false"/>
    </Property>
    <Property name="Label" type="App::PropertyString" status="134217728">
      <String value="Pad003"/>
    </Property>
    <Property name="Label2" type="App::PropertyString" status="128">
      <String value=""/>
    </Property>
    <Property name="Length" type="App::PropertyLength">
      <Float value="6"/>
    </Property>
    <Property name="Length2" type="App::PropertyLength">
      <Float value="100"/>
    </Property>
    <Property name="Linearize" type="App::PropertyBool">
      <Bool value="true"/>
    </Property>
    <Property name="Midplane" type="App::PropertyBool" status="4">
      <Bool value="false"/>
    </Property>
    <Property name="NewSolid" type="App::PropertyBool">
      <Bool value="false"/>
    </Property>
    <Property name="Offset" type="App::PropertyLength">
      <Float value="0"/>
    </Property>
    <Property name="Placement" type="App::PropertyPlacement" status="8388620">
      <PropertyPlacement Px="0" Py="0" Pz="0" Q0="0" Q1="0" Q2="0" Q3="1" A="0" Ox="0" Oy="0" Oz="1"/>
    </Property>
    <Property name="Profile" type="App::PropertyLinkSub">
      <LinkSub value="Sketch003" count="4">
        <Sub value="Edge7" shadow=";g8;SKT.Edge7"/>
        <Sub value="Edge8" shadow=";g10;SKT.Edge8"/>
        <Sub value="Edge5" shadow=";g7;SKT.Edge5"/>
        <Sub value="Edge6" shadow=";g9;SKT.Edge6"/>
      </LinkSub>
    </Property>
    <Property name="ReferenceAxis" type="App::PropertyLinkSub">
      <LinkSub value="" count="0">
      </LinkSub>
    </Property>
    <Property name="Refine" type="App::PropertyBool">
      <Bool value="false"/>
    </Property>
    <Property name="Reversed" type="App::PropertyBool">
      <Bool value="true"/>
    </Property>
    <Property name="Shape" type="Part::PropertyPartShape">
      <Part HasherIndex="0" ElementMap="1.15.70200.4" brep="1">
<![CDATA[

CASCADE Topology V1, (c) Matra-Datavision
Locations 56
1
              1               0               0               0 
              0               1               0               0 
              0               0               1               0 
1
0.707106781186548 -2.56534812479428e-16 0.707106781186547 17.6776695296637 
0.707106781186547 2.10209436768615e-17 -0.707106781186548 -17.6776695296637 
1.66533453693773e-16               1 1.96261557335472e-16 4.85722573273506e-15 
2  1 1 2 1 0
1
              1               0               0 -10.6066017177982 
              0               1               0 10.6066017177982 
              0               0               1 -2.91433543964104e-15 
2  1 1 2 1 4 1 0
1
0.707106781186548 -2.56534812479428e-16 0.707106781186547 17.6776695296637 
0.707106781186547 2.10209436768615e-17 -0.707106781186548 -17.6776695296637 
1.66533453693773e-16               1 1.96261557335472e-16 4.85722573273506e-15 
1
              1               0               0               0 
              0               1               0               0 
              0               0               1               0 
2  6 -1 7 -1 0
1
              1               0               0 -10.6066017177982 
              0               1               0 10.6066017177982 
              0               0               1 -2.91433543964104e-15 
2  9 -1 6 -1 7 -1 0
2  2 -1 1 -1 0
2  4 -1 2 -1 1 -1 0
1
0.707106781186548 -2.97281036416984e-17 0.707106781186548 17.6776695296637 
0.707106781186548 -3.62795011029245e-16 -0.707106781186548 -17.6776695296637 
2.77555756156289e-16               1 -2.35513868802566e-16 4.85722573273506e-15 
2  13 -1 0
1
0.707106781186548 -2.97281036416984e-17 0.707106781186548 17.6776695296637 
0.707106781186548 -3.62795011029245e-16 -0.707106781186548 -17.6776695296637 
2.77555756156289e-16               1 -2.35513868802566e-16 4.85722573273506e-15 
1
              1               0               0               0 
              0               1               0               0 
              0               0               1               0 
2  15 -1 16 -1 0
1
              1               0               0 -3.53553390593274 
              0               1               0 3.53553390593274 
              0               0               1 6.93889390390723e-17 
2  18 -1 15 -1 16 -1 0
1
0.707106781186548 -2.97281036416984e-17 0.707106781186548 17.6776695296637 
0.707106781186548 -3.62795011029245e-16 -0.707106781186548 -17.6776695296637 
2.77555756156289e-16               1 -2.35513868802566e-16 4.85722573273506e-15 
1
              1               0               0               0 
              0               1               0               0 
              0               0               1               0 
2  20 -1 21 -1 0
1
              1               0               0 -3.53553390593274 
              0               1               0 3.53553390593274 
              0               0               1 6.93889390390723e-17 
2  23 -1 20 -1 21 -1 0
1
0.707106781186548 -2.97281036416984e-17 0.707106781186548 17.6776695296637 
0.707106781186548 -3.62795011029245e-16 -0.707106781186548 -17.6776695296637 
2.77555756156289e-16               1 -2.35513868802566e-16 4.85722573273506e-15 
1
              1               0               0               0 
              0               1               0               0 
              0               0               1               0 
2  25 -1 26 -1 0
1
              1               0               0 -3.53553390593274 
              0               1               0 3.53553390593274 
              0               0               1 6.93889390390723e-17 
2  28 -1 25 -1 26 -1 0
1
0.707106781186548 -2.97281036416984e-17 0.707106781186548 17.6776695296637 
0.707106781186548 -3.62795011029245e-16 -0.707106781186548 -17.6776695296637 
2.77555756156289e-16               1 -2.35513868802566e-16 4.85722573273506e-15 
1
              1               0               0               0 
              0               1               0               0 
              0               0               1               0 
2  30 -1 31 -1 0
1
              1               0               0 -3.53553390593274 
              0               1               0 3.53553390593274 
              0               0               1 6.93889390390723e-17 
2  33 -1 30 -1 31 -1 0
1
0.707106781186548 -2.97281036416984e-17 0.707106781186548 17.6776695296637 
0.707106781186548 -3.62795011029245e-16 -0.707106781186548 -17.6776695296637 
2.77555756156289e-16               1 -2.35513868802566e-16 4.85722573273506e-15 
1
              1               0               0               0 
              0               1               0               0 
              0               0               1               0 
2  35 -1 36 -1 0
1
              1               0               0 7.07106781186547 
              0               1               0 -7.07106781186547 
              0               0               1 -1.38777878078145e-16 
2  38 -1 35 -1 36 -1 0
1
              1               0               0 7.07106781186547 
              0               1               0 -7.07106781186547 
              0               0               1 -1.38777878078145e-16 
2  40 -1 13 -1 0
1
              1               0               0 -7.07106781186547 
              0               1               0 7.07106781186547 
              0               0               1 1.38777878078145e-16 
2  42 -1 13 -1 0
1
              1               0               0 -7.07106781186547 
              0               1               0 7.07106781186547 
              0               0               1 1.38777878078145e-16 
2  44 -1 13 -1 0
1
              1               0               0 -5.65685424949238 
              0               1               0 5.65685424949238 
              0               0               1 1.11022302462516e-16 
2  46 -1 13 -1 0
1
              1               0               0 -4.94974746830583 
              0               1               0 4.94974746830583 
              0               0               1 9.71445146547011e-17 
2  48 -1 13 -1 0
1
              1               0               0 -4.24264068711928 
              0               1               0 4.24264068711928 
              0               0               1 8.32667268468867e-17 
2  50 -1 13 -1 0
1
              1               0               0 -4.24264068711929 
              0               1               0 4.24264068711929 
              0               0               1 8.32667268468867e-17 
2  52 -1 13 -1 0
1
              1               0               0 -4.24264068711929 
              0               1               0 4.24264068711929 
              0               0               1 8.32667268468867e-17 
2  54 -1 13 -1 0
2  13 1 54 1 0
Curve2ds 62
1 1.5707963267948963 0 0 -1 
1 4.7123889803846906 0 0 -1 
1 0 0 1 0 
1 0 -15.000000000000002 1 0 
1 0 0 1 0 
1 0 -15.000000000000002 1 0 
1 0 0 1 0 
1 0 -5 1 0 
1 0 0 1 0 
1 0 -5 1 0 
1 0 0 1 0 
1 0 -5 1 0 
1 0 0 1 0 
1 0 -5 1 0 
1 0 0 1 0 
1 0 -10 1 0 
1 0 0 1 0 
1 0 -10 1 0 
1 0 0 1 0 
1 0 -10 1 0 
1 0 0 1 0 
1 0 -10 1 0 
1 0 0 1 0 
1 0 -7.9999999999999991 1 0 
1 0 0 1 0 
1 0 -6.9999999999999991 1 0 
1 0 0 1 0 
1 0 -5.9999999999999991 1 0 
1 0 0 1 0 
1 0 -6.0000000000000009 1 0 
1 0 0 1 0 
1 0 -6.0000000000000009 1 0 
1 0 0 1 0 
1 0 -5 1 0 
1 0 0 1 0 
1 0 -5 1 0 
1 0 0 1 0 
1 0 -5 1 0 
1 0 0 1 0 
1 0 -5 1 0 
1 0 0 1 0 
1 0 -10 1 0 
1 0 0 1 0 
1 0 -10 1 0 
1 0 0 1 0 
1 0 -10 1 0 
1 0 0 1 0 
1 0 -10 1 0 
1 0 0 1 0 
1 0 -7.9999999999999991 1 0 
1 0 0 1 0 
1 0 -6.9999999999999991 1 0 
1 0 0 1 0 
1 0 -5.9999999999999991 1 0 
1 0 0 1 0 
1 0 -6.0000000000000009 1 0 
1 0 0 1 0 
1 0 -6.0000000000000009 1 0 
1 4.7123889803842225 0 0 -1 
1 4.7123889803846986 0 0 -1 
1 1.570796326794893 0 0 -1 
1 7.8539816339744783 0 0 -1 
Curves 24
1 -23.334523779156083 -58.689862838483442 29.999999999999993 -0.70710678118654735 0.70710678118654768 -1.9428902930940237e-16 
1 -23.334523779156076 -58.689862838483442 -4.8017145815038005e-15 -0.70710678118654735 0.70710678118654768 -1.9428902930940237e-16 
2 -58 14.999999999999998 0 0 0 1 1 0 0 0 1 0 14.999999999999998
1 17.677669529663678 -17.677669529663696 30.000000000000004 -0.70710678118654735 0.70710678118654768 -1.9428902930940237e-16 
1 2.4941443233123851e-39 30 0 -1 0 0 
1 17.677669529663685 -17.677669529663696 4.857225732734656e-15 -0.70710678118654735 0.70710678118654768 -1.9428902930940237e-16 
1 -57.999999999999993 -4.0389678347315804e-28 0 1 0 0 
1 2.4941443233123851e-39 30 0 0 -1 0 
1 2.4941443233123851e-39 7.9999999999999991 0 0 -1 0 
1 2.4941443233123851e-39 22 0 -1 0 0 
1 -30 7.9999999999999991 0 1 0 0 
1 -30 22 0 0 -1 0 
1 -58.000000000002593 9.4999999999965414 0 1 2.7644553313153458e-13 0 
2 -58.000000000000021 15.000000000000021 0 0 0 1 1 0 -0 -0 1 0 5.5
1 -49.99999999999887 20.500000000000774 0 -1 -5.462297281154999e-14 0 
2 -49.999999999998899 15.000000000000467 0 0 0 1 1 0 -0 -0 1 0 5.5
1 17.677669529663678 -17.677669529663696 22.000000000000004 -0.70710678118654735 0.70710678118654768 -1.9428902930940237e-16 
1 17.677669529663682 -17.677669529663696 8.0000000000000036 -0.70710678118654735 0.70710678118654768 -1.9428902930940237e-16 
1 -3.535533905932752 -38.890872965260115 22 -0.70710678118654735 0.70710678118654768 -1.9428902930940237e-16 
1 -3.5355339059327484 -38.890872965260115 7.9999999999999991 -0.70710678118654735 0.70710678118654768 -1.9428902930940237e-16 
1 -23.334523779157909 -58.689862838485297 9.4999999999982716 -0.70710678118654746 0.70710678118654746 1.3877787807814451e-17 
1 -17.677669529662882 -53.03300858899027 9.4999999999996021 -0.70710678118654746 0.70710678118654746 1.3877787807814451e-17 
1 -23.334523779156076 -58.689862838483478 20.500000000000167 -0.70710678118654746 0.70710678118654746 1.3877787807814451e-17 
1 -17.677669529662897 -53.033008588990299 20.500000000000615 -0.70710678118654746 0.70710678118654746 1.3877787807814451e-17 
Polygon3D 0
PolygonOnTriangulations 0
Surfaces 39
2 -23.33452377915609 -58.68986283848345 14.999999999999995 0.70710678118654746 -0.70710678118654768 1.9626155733547187e-16 0.70710678118654768 0.70710678118654746 1.6653345369377348e-16 -2.5653481247942766e-16 2.1020943676861476e-17 1 14.999999999999998
1 17.677669529663678 -17.677669529663696 30.000000000000004 -2.5514002453611344e-16 1.9626155733547248e-17 1 -0.70710678118654768 -0.70710678118654746 -1.6653345369377346e-16 0.70710678118654746 -0.70710678118654768 1.9428902930940242e-16 
1 -23.334523779156076 -58.689862838483442 -4.8017145815042044e-15 2.5514002453611344e-16 -1.9626155733547248e-17 -1 0.70710678118654768 0.70710678118654746 1.6653345369377346e-16 0.70710678118654746 -0.70710678118654768 1.9428902930940242e-16 
2 -23.33452377915609 -58.68986283848345 14.999999999999995 0.70710678118654746 -0.70710678118654768 1.9626155733547187e-16 0.70710678118654768 0.70710678118654746 1.6653345369377348e-16 -2.5653481247942766e-16 2.1020943676861476e-17 1 14.999999999999998
1 -3.9685633708852683 -39.323902430212641 14.999999999999998 -0.70710678118654746 0.70710678118654757 -1.5760152530750462e-16 0.70710678118654757 0.70710678118654746 1.2325951644078309e-32 1.114411072702798e-16 -1.114411072702798e-16 -1 
2 -23.334523779156083 -58.689862838483478 15.000000000000011 0.70710678118654757 -0.70710678118654757 -2.3551386880256624e-16 0.70710678118654757 0.70710678118654757 2.7755575615628909e-16 -2.9728103641698396e-17 -3.6279501102924527e-16 1 5.5
2 -23.334523779156083 -58.689862838483478 15.000000000000011 0.70710678118654757 -0.70710678118654757 -2.3551386880256624e-16 0.70710678118654757 0.70710678118654757 2.7755575615628909e-16 -2.9728103641698396e-17 -3.6279501102924527e-16 1 5.5
2 -23.334523779156083 -58.689862838483478 15.000000000000011 0.70710678118654757 -0.70710678118654757 -2.3551386880256624e-16 0.70710678118654757 0.70710678118654757 2.7755575615628909e-16 -2.9728103641698396e-17 -3.6279501102924527e-16 1 5.5
2 -23.334523779156083 -58.689862838483478 15.000000000000011 0.70710678118654757 -0.70710678118654757 -2.3551386880256624e-16 0.70710678118654757 0.70710678118654757 2.7755575615628909e-16 -2.9728103641698396e-17 -3.6279501102924527e-16 1 5.5
2 -23.334523779156083 -58.689862838483478 15.000000000000011 -0.70710678118654757 0.70710678118654757 2.3551386880256624e-16 0.70710678118654757 0.70710678118654757 2.7755575615628909e-16 -2.9728103641698396e-17 -3.6279501102924527e-16 1 5.5
2 -23.33452377915609 -58.689862838483492 15.000000000000014 -0.70710678118654757 0.70710678118654757 2.3551386880256624e-16 0.70710678118654757 0.70710678118654757 2.7755575615628909e-16 -2.9728103641698396e-17 -3.6279501102924527e-16 1 5.5000000000000009
2 -23.33452377915609 -58.689862838483492 15.000000000000014 0.70710678118654757 -0.70710678118654757 -2.3551386880256624e-16 0.70710678118654757 0.70710678118654757 2.7755575615628909e-16 -2.9728103641698396e-17 -3.6279501102924527e-16 1 5.5000000000000009
2 -23.33452377915609 -58.689862838483492 15.000000000000014 0.70710678118654757 -0.70710678118654757 -2.3551386880256624e-16 0.70710678118654757 0.70710678118654757 2.7755575615628909e-16 -2.9728103641698396e-17 -3.6279501102924527e-16 1 5.5000000000000009
2 -23.33452377915609 -58.689862838483492 15.000000000000014 0.70710678118654757 -0.70710678118654757 -2.3551386880256624e-16 0.70710678118654757 0.70710678118654757 2.7755575615628909e-16 -2.9728103641698396e-17 -3.6279501102924527e-16 1 5.5000000000000009
2 -23.33452377915609 -58.689862838483492 15.000000000000014 0.70710678118654757 -0.70710678118654757 -2.3551386880256624e-16 0.70710678118654757 0.70710678118654757 2.7755575615628909e-16 -2.9728103641698396e-17 -3.6279501102924527e-16 1 5.5000000000000009
2 -23.33452377915609 -58.689862838483492 15.000000000000014 0.70710678118654757 -0.70710678118654757 -2.3551386880256624e-16 0.70710678118654757 0.70710678118654757 2.7755575615628909e-16 -2.9728103641698396e-17 -3.6279501102924527e-16 1 5.5000000000000009
2 -23.33452377915609 -58.689862838483492 15.000000000000014 0.70710678118654757 -0.70710678118654757 -2.3551386880256624e-16 0.70710678118654757 0.70710678118654757 2.7755575615628909e-16 -2.9728103641698396e-17 -3.6279501102924527e-16 1 5.5000000000000009
2 -23.33452377915609 -58.689862838483492 15.000000000000014 0.70710678118654757 -0.70710678118654757 -2.3551386880256624e-16 0.70710678118654757 0.70710678118654757 2.7755575615628909e-16 -2.9728103641698396e-17 -3.6279501102924527e-16 1 5.5000000000000009
2 -17.677669529662911 -53.033008588990313 15.000000000000458 0.70710678118654757 -0.70710678118654757 -2.3551386880256624e-16 0.70710678118654757 0.70710678118654757 2.7755575615628909e-16 -2.9728103641698396e-17 -3.6279501102924527e-16 1 5.5
2 -17.677669529662911 -53.033008588990313 15.000000000000458 0.70710678118654757 -0.70710678118654757 -2.3551386880256624e-16 0.70710678118654757 0.70710678118654757 2.7755575615628909e-16 -2.9728103641698396e-17 -3.6279501102924527e-16 1 5.5
2 -17.677669529662911 -53.033008588990313 15.000000000000458 0.70710678118654757 -0.70710678118654757 -2.3551386880256624e-16 0.70710678118654757 0.70710678118654757 2.7755575615628909e-16 -2.9728103641698396e-17 -3.6279501102924527e-16 1 5.5
2 -17.677669529662911 -53.033008588990313 15.000000000000458 0.70710678118654757 -0.70710678118654757 -2.3551386880256624e-16 0.70710678118654757 0.70710678118654757 2.7755575615628909e-16 -2.9728103641698396e-17 -3.6279501102924527e-16 1 5.5
2 -17.677669529662911 -53.033008588990313 15.000000000000458 -0.70710678118654757 0.70710678118654757 2.3551386880256624e-16 0.70710678118654757 0.70710678118654757 2.7755575615628909e-16 -2.9728103641698396e-17 -3.6279501102924527e-16 1 5.5
2 -17.677669529662918 -53.033008588990313 15.000000000000462 -0.70710678118654757 0.70710678118654757 2.3551386880256624e-16 0.70710678118654757 0.70710678118654757 2.7755575615628909e-16 -2.9728103641698396e-17 -3.6279501102924527e-16 1 5.5000000000000009
2 -17.677669529662918 -53.033008588990313 15.000000000000462 0.70710678118654757 -0.70710678118654757 -2.3551386880256624e-16 0.70710678118654757 0.70710678118654757 2.7755575615628909e-16 -2.9728103641698396e-17 -3.6279501102924527e-16 1 5.5000000000000009
2 -17.677669529662918 -53.033008588990313 15.000000000000462 0.70710678118654757 -0.70710678118654757 -2.3551386880256624e-16 0.70710678118654757 0.70710678118654757 2.7755575615628909e-16 -2.9728103641698396e-17 -3.6279501102924527e-16 1 5.5000000000000009
