<?xml version='1.0' encoding='utf-8'?>
<!-- FreeCAD DocumentObject -->
<Document SchemaVersion="4" FileVersion="2">
<Object name="Pad001">
  <Properties Count="46" TransientCount="2">
    <_Property name="_Body" type="App::PropertyLinkHidden" status="251658241"/>
    <_Property name="_ElementMapVersion" type="App::PropertyString" status="234881024"/>
    <Property name="AddSubShape" type="Part::PropertyPartShape">
      <Part HasherIndex="0" ElementMap="1.15.70200.4" brep="1">
<![CDATA[

CASCADE Topology V1, (c) Matra-Datavision
Locations 12
1
              1               0               0               0 
              0               1               0               0 
              0               0               1               0 
1
0.707106781186548 -2.56534812479428e-16 0.707106781186547 17.6776695296637 
0.707106781186547 2.10209436768615e-17 -0.707106781186548 -17.6776695296637 
1.66533453693773e-16               1 1.96261557335472e-16 4.85722573273506e-15 
2  1 1 2 1 0
1
              1               0               0 -10.6066017177982 
              0               1               0 10.6066017177982 
              0               0               1 -2.91433543964104e-15 
2  1 1 2 1 4 1 0
1
0.707106781186548 -2.56534812479428e-16 0.707106781186547 17.6776695296637 
0.707106781186547 2.10209436768615e-17 -0.707106781186548 -17.6776695296637 
1.66533453693773e-16               1 1.96261557335472e-16 4.85722573273506e-15 
1
              1               0               0               0 
              0               1               0               0 
              0               0               1               0 
2  6 -1 7 -1 0
1
              1               0               0 -10.6066017177982 
              0               1               0 10.6066017177982 
              0               0               1 -2.91433543964104e-15 
2  9 -1 6 -1 7 -1 0
2  2 -1 1 -1 0
2  4 -1 2 -1 1 -1 0
Curve2ds 6
1 1.5707963267948963 0 0 -1 
1 4.7123889803846906 0 0 -1 
1 0 0 1 0 
1 0 -15.000000000000002 1 0 
1 0 0 1 0 
1 0 -15.000000000000002 1 0 
Curves 16
1 -23.334523779156083 -58.689862838483442 29.999999999999993 -0.70710678118654735 0.70710678118654768 -1.9428902930940237e-16 
1 -23.334523779156076 -58.689862838483442 -4.8017145815038005e-15 -0.70710678118654735 0.70710678118654768 -1.9428902930940237e-16 
2 -58 14.999999999999998 0 0 0 1 1 0 0 0 1 0 14.999999999999998
1 17.677669529663685 -17.677669529663696 4.857225732734656e-15 -0.70710678118654735 0.70710678118654768 -1.9428902930940237e-16 
1 -57.999999999999993 -4.0389678347315804e-28 0 1 0 0 
1 17.677669529663682 -17.677669529663696 8.0000000000000036 -0.70710678118654735 0.70710678118654768 -1.9428902930940237e-16 
1 2.4941443233123851e-39 7.9999999999999991 0 0 -1 0 
1 -3.5355339059327484 -38.890872965260115 7.9999999999999991 -0.70710678118654735 0.70710678118654768 -1.9428902930940237e-16 
1 -30 7.9999999999999991 0 1 0 0 
1 -3.535533905932752 -38.890872965260115 22 -0.70710678118654735 0.70710678118654768 -1.9428902930940237e-16 
1 -30 22 0 0 -1 0 
1 17.677669529663678 -17.677669529663696 22.000000000000004 -0.70710678118654735 0.70710678118654768 -1.9428902930940237e-16 
1 2.4941443233123851e-39 22 0 -1 0 0 
1 17.677669529663678 -17.677669529663696 30.000000000000004 -0.70710678118654735 0.70710678118654768 -1.9428902930940237e-16 
1 2.4941443233123851e-39 30 0 0 -1 0 
1 2.4941443233123851e-39 30 0 -1 0 0 
Polygon3D 0
PolygonOnTriangulations 0
Surfaces 10
2 -23.33452377915609 -58.68986283848345 14.999999999999995 0.70710678118654746 -0.70710678118654768 1.9626155733547187e-16 0.70710678118654768 0.70710678118654746 1.6653345369377348e-16 -2.5653481247942766e-16 2.1020943676861476e-17 1 14.999999999999998
1 17.677669529663678 -17.677669529663696 30.000000000000004 -2.5514002453611344e-16 1.9626155733547248e-17 1 -0.70710678118654768 -0.70710678118654746 -1.6653345369377346e-16 0.70710678118654746 -0.70710678118654768 1.9428902930940242e-16 
1 -23.334523779156076 -58.689862838483442 -4.8017145815042044e-15 2.5514002453611344e-16 -1.9626155733547248e-17 -1 0.70710678118654768 0.70710678118654746 1.6653345369377346e-16 0.70710678118654746 -0.70710678118654768 1.9428902930940242e-16 
2 -23.33452377915609 -58.68986283848345 14.999999999999995 0.70710678118654746 -0.70710678118654768 1.9626155733547187e-16 0.70710678118654768 0.70710678118654746 1.6653345369377348e-16 -2.5653481247942766e-16 2.1020943676861476e-17 1 14.999999999999998
1 17.677669529663682 -17.677669529663696 8.0000000000000036 -0.70710678118654768 -0.70710678118654735 -1.6653345369377348e-16 2.5653481247942766e-16 -2.1020943676861473e-17 -1 0.70710678118654735 -0.70710678118654768 1.9626155733547184e-16 
1 -3.5355339059327484 -38.890872965260115 7.9999999999999982 2.5514002453611344e-16 -1.9626155733547248e-17 -1 0.70710678118654768 0.70710678118654746 1.6653345369377346e-16 0.70710678118654746 -0.70710678118654768 1.9428902930940242e-16 
1 -3.535533905932752 -38.890872965260115 22 -0.70710678118654768 -0.70710678118654735 -1.6653345369377348e-16 2.5653481247942766e-16 -2.1020943676861473e-17 -1 0.70710678118654735 -0.70710678118654768 1.9626155733547184e-16 
1 17.677669529663678 -17.677669529663696 22.000000000000004 -2.5514002453611344e-16 1.9626155733547248e-17 1 -0.70710678118654768 -0.70710678118654746 -1.6653345369377346e-16 0.70710678118654746 -0.70710678118654768 1.9428902930940242e-16 
1 17.677669529663678 -17.677669529663696 30.000000000000004 -0.70710678118654768 -0.70710678118654735 -1.6653345369377348e-16 2.5653481247942766e-16 -2.1020943676861473e-17 -1 0.70710678118654735 -0.70710678118654768 1.9626155733547184e-16 
1 -3.9685633708852683 -39.323902430212641 14.999999999999998 -0.70710678118654746 0.70710678118654757 -1.5760152530750462e-16 0.70710678118654757 0.70710678118654746 1.2325951644078309e-32 1.114411072702798e-16 -1.114411072702798e-16 -1 
Triangulations 0

TShapes 44
Ve
1e-07
-58 30 0
0 0

0101101
*
Ed
 1e-07 1 1 0
1  1 0 0 15
2  1 1 0 0 15
4 G1 1 0 2 0
0

0101000
+44 3 -44 5 *
Ve
1e-07
-58 0 0
0 0

0101101
*
Ed
 1e-07 1 1 0
1  2 0 0 15
2  2 1 0 0 15
4 G1 1 0 3 0
0

0101000
+42 3 -42 5 *
Ed
 1e-07 1 1 0
1  3 0 1.5707963267949 4.71238898038469
2  3 4 8 1.5707963267949 4.71238898038469
2  4 4 10 1.5707963267949 4.71238898038469
2  5 1 11 1.5707963267949 4.71238898038469
2  6 1 12 1.5707963267949 4.71238898038469
0

0101000
+44 0 -42 0 *
Wi

0101100
+43 0 -41 0 -40 3 +40 5 *
Fa
0  1e-07 1 0

0111000
+39 0 *
Ve
1e-07
0 -4.03896783473158e-28 0
0 0

0101101
*
Ed
 1e-07 1 1 0
1  4 0 0 15
0

0101000
+37 3 -37 5 *
Ed
 1e-07 1 1 0
1  5 0 0 58
0

0101000
+42 0 -37 0 *
Wi

0101100
+41 0 -36 0 -35 3 +35 5 *
Fa
0  1e-07 3 0

0111000
+34 0 *
Ve
1e-07
0 8 0
0 0

0101101
*
Ed
 1e-07 1 1 0
1  6 0 0 15
0

0101000
+32 3 -32 5 *
Ed
 1e-07 1 1 0
1  7 0 0 8
0

0101000
+32 0 -37 0 *
Wi

0101100
+31 0 -36 0 -30 3 +30 5 *
Fa
0  1e-07 5 0

0111000
+29 0 *
Ve
1.00000000444089e-07
-30 8 0
0 0

0101101
*
Ed
 1.00000000444089e-07 1 1 0
1  8 0 0 15
0

0101000
+27 3 -27 5 *
Ed
 1e-07 1 1 0
1  9 0 0 30
0

0101000
+27 0 -32 0 *
Wi

0101100
+26 0 -31 0 -25 3 +25 5 *
Fa
0  1e-07 6 0

0111000
+24 0 *
Ve
1e-07
-30 22 0
0 0

0101101
*
Ed
 1e-07 1 1 0
1  10 0 0 15
0

0101000
+22 3 -22 5 *
Ed
 1e-07 1 1 0
1  11 0 0 14
0

0101000
+22 0 -27 0 *
Wi

0101100
+21 0 -26 0 -20 3 +20 5 *
Fa
0  1e-07 7 0

0111000
+19 0 *
Ve
1e-07
2.49414432331239e-39 22 0
0 0

0101101
*
Ed
 1e-07 1 1 0
1  12 0 0 15
0

0101000
+17 3 -17 5 *
Ed
 1e-07 1 1 0
1  13 0 0 30
0

0101000
+17 0 -22 0 *
Wi

0101100
+16 0 -21 0 -15 3 +15 5 *
Fa
0  1e-07 8 0

0111000
+14 0 *
Ve
1e-07
2.49414432331239e-39 30 0
0 0

0101101
*
Ed
 1e-07 1 1 0
1  14 0 0 15
0

0101000
+12 3 -12 5 *
Ed
 1e-07 1 1 0
1  15 0 0 8
0

0101000
+12 0 -17 0 *
Wi

0101100
+11 0 -16 0 -10 3 +10 5 *
Fa
0  1e-07 9 0

0111000
+9 0 *
Ed
 1e-07 1 1 0
1  16 0 0 58
0

0101000
+12 0 -44 0 *
Wi

0101100
+11 0 -43 0 -7 3 +7 5 *
Fa
0  1e-07 2 0

0111000
+6 0 *
Wi

0101100
+40 0 +35 0 -30 0 -25 0 -20 0 -15 0 -10 0 +7 0 *
Fa
0  1e-07 10 0

0111000
-4 3 *
Sh

0101100
-38 0 -33 0 +28 0 +23 0 +18 0 +13 0 +8 0 -5 0 +3 0 -3 4 
*
So

1100000
-2 0 *

+1 0 ]]>
      </Part>
      <ElementMap new="1" count="1"><Element key="Dummy" value="Dummy"/></ElementMap>
      <ElementMap2 count="58">
<![CDATA[
7 PostfixCount 11
Edge
Face
Vertex
;:G;XTR;:H82a:7,F
;FAC;:H82a:4,F
;:G;XTR;:H82a:7,E
;:G0;XTR;:H82a:8,F
;:U;XTR;:H82a:7,E
;:U;XTR;:H82a:7,V
;SKT;:H82a,E
;SKT;:H82a,V

MapCount 1

ElementMap 1 7 3

Edge

ChildCount 0

NameCount 25
0
$#2b.6 0
$#2c.6 0
;g1.a 0
$#3d.8 0
$#2d.6 0
;g3.a 0
$#3e.8 0
$#2e.6 0
;g8.a 0
$#3f.8 0
$#2f.6 0
;g7.a 0
$#40.8 0
$#30.6 0
;g6.a 0
$#41.8 0
$#31.6 0
;g5.a 0
$#42.8 0
$#32.6 0
;g2.a 0
$#43.8 0
;g4.a 0
$#44.8 0

Face

ChildCount 0

NameCount 11
0
$#29.4 0
$#33.4 0
$#34.4 0
$#35.4 0
$#36.4 0
$#37.4 0
$#38.4 0
$#39.4 0
$#29.5 0
$#3b.7 0

Vertex

ChildCount 0

NameCount 17
0
;g1v1.b ;g4v2.b 0
$#46.9 0
;g1v2.b ;g3v1.b 0
$#47.9 0
;g3v2.b ;g8v2.b 0
$#48.9 0
;g7v2.b ;g8v1.b 0
$#49.9 0
;g6v2.b ;g7v1.b 0
$#4a.9 0
;g5v2.b ;g6v1.b 0
$#4b.9 0
;g2v2.b ;g5v1.b 0
$#4c.9 0
;g4v1.b ;g2v1.b 0
$#4d.9 0

EndMap
]]>
      </ElementMap2>
    </Property>
    <Property name="AddSubType" type="App::PropertyEnumeration">
      <Integer value="0"/>
    </Property>
    <Property name="AllowMultiFace" type="App::PropertyBool">
      <Bool value="true"/>
    </Property>
    <Property name="AlongSketchNormal" type="App::PropertyBool" status="4">
      <Bool value="false"/>
    </Property>
    <Property name="AutoTaperInnerAngle" type="App::PropertyBool">
      <Bool value="true"/>
    </Property>
    <Property name="BaseFeature" type="App::PropertyLink" status="8">
      <Link value=""/>
    </Property>
    <Property name="CheckUpToFaceLimits" type="App::PropertyBool">
      <Bool value="true"/>
    </Property>
    <Property name="ClaimChildren" type="App::PropertyBool" status="134217728">
      <Bool value="false"/>
    </Property>
    <Property name="ColoredElements" type="App::PropertyLinkSubHidden" status="218103808">
      <LinkSub value="" count="0">
      </LinkSub>
    </Property>
    <Property name="Direction" type="App::PropertyVector" status="4">
      <PropertyVector valueX="0.7071067811865475" valueY="-0.7071067811865478" valueZ="1.942890293094024e-16"/>
    </Property>
    <Property name="ExpressionEngine" type="App::PropertyExpressionEngine" status="67108864">
      <ExpressionEngine count="0"></ExpressionEngine>
    </Property>
    <Property name="Fit" type="App::PropertyDistance">
      <Float value="0"/>
    </Property>
    <Property name="FitJoin" type="App::PropertyEnumeration">
      <Integer value="0"/>
    </Property>
    <Property name="FixShape" type="App::PropertyEnumeration">
      <Integer value="1"/>
    </Property>
    <Property name="InnerFit" type="App::PropertyDistance">
      <Float value="0"/>
    </Property>
    <Property name="InnerFitJoin" type="App::PropertyEnumeration">
      <Integer value="0"/>
    </Property>
    <Property name="InvalidShape" type="App::PropertyBool" status="67108864">
      <Bool value="false"/>
    </Property>
    <Property name="Label" type="App::PropertyString" status="134217728">
      <String value="Pad001"/>
    </Property>
    <Property name="Label2" type="App::PropertyString" status="128">
      <String value=""/>
    </Property>
    <Property name="Length" type="App::PropertyLength">
      <Float value="15"/>
    </Property>
    <Property name="Length2" type="App::PropertyLength">
      <Float value="100"/>
    </Property>
    <Property name="Linearize" type="App::PropertyBool">
      <Bool value="true"/>
    </Property>
    <Property name="Midplane" type="App::PropertyBool" status="4">
      <Bool value="false"/>
    </Property>
    <Property name="NewSolid" type="App::PropertyBool">
      <Bool value="true"/>
    </Property>
    <Property name="Offset" type="App::PropertyLength">
      <Float value="0"/>
    </Property>
    <Property name="Placement" type="App::PropertyPlacement" status="8388620">
      <PropertyPlacement Px="0" Py="0" Pz="0" Q0="0" Q1="0" Q2="0" Q3="1" A="0" Ox="0" Oy="0" Oz="1"/>
    </Property>
    <Property name="Profile" type="App::PropertyLinkSub">
      <LinkSub value="Sketch001" count="1">
        <Sub value=""/>
      </LinkSub>
    </Property>
    <Property name="ReferenceAxis" type="App::PropertyLinkSub">
      <LinkSub value="" count="0">
      </LinkSub>
    </Property>
    <Property name="Refine" type="App::PropertyBool">
      <Bool value="true"/>
    </Property>
    <Property name="Reversed" type="App::PropertyBool">
      <Bool value="true"/>
    </Property>
    <Property name="Shape" type="Part::PropertyPartShape">
      <Part HasherIndex="0" ElementMap="1.15.70200.4" brep="1">
<![CDATA[

CASCADE Topology V1, (c) Matra-Datavision
Locations 12
1
              1               0               0               0 
              0               1               0               0 
              0               0               1               0 
1
0.707106781186548 -2.56534812479428e-16 0.707106781186547 17.6776695296637 
0.707106781186547 2.10209436768615e-17 -0.707106781186548 -17.6776695296637 
1.66533453693773e-16               1 1.96261557335472e-16 4.85722573273506e-15 
2  1 1 2 1 0
1
              1               0               0 -10.6066017177982 
              0               1               0 10.6066017177982 
              0               0               1 -2.91433543964104e-15 
2  1 1 2 1 4 1 0
1
0.707106781186548 -2.56534812479428e-16 0.707106781186547 17.6776695296637 
0.707106781186547 2.10209436768615e-17 -0.707106781186548 -17.6776695296637 
1.66533453693773e-16               1 1.96261557335472e-16 4.85722573273506e-15 
1
              1               0               0               0 
              0               1               0               0 
              0               0               1               0 
2  6 -1 7 -1 0
1
              1               0               0 -10.6066017177982 
              0               1               0 10.6066017177982 
              0               0               1 -2.91433543964104e-15 
2  9 -1 6 -1 7 -1 0
2  2 -1 1 -1 0
2  4 -1 2 -1 1 -1 0
Curve2ds 6
1 1.5707963267948963 0 0 -1 
1 4.7123889803846906 0 0 -1 
1 0 0 1 0 
1 0 -15.000000000000002 1 0 
1 0 0 1 0 
1 0 -15.000000000000002 1 0 
Curves 16
1 -23.334523779156083 -58.689862838483442 29.999999999999993 -0.70710678118654735 0.70710678118654768 -1.9428902930940237e-16 
1 -23.334523779156076 -58.689862838483442 -4.8017145815038005e-15 -0.70710678118654735 0.70710678118654768 -1.9428902930940237e-16 
2 -58 14.999999999999998 0 0 0 1 1 0 0 0 1 0 14.999999999999998
1 17.677669529663685 -17.677669529663696 4.857225732734656e-15 -0.70710678118654735 0.70710678118654768 -1.9428902930940237e-16 
1 -57.999999999999993 -4.0389678347315804e-28 0 1 0 0 
1 17.677669529663682 -17.677669529663696 8.0000000000000036 -0.70710678118654735 0.70710678118654768 -1.9428902930940237e-16 
1 2.4941443233123851e-39 7.9999999999999991 0 0 -1 0 
1 -3.5355339059327484 -38.890872965260115 7.9999999999999991 -0.70710678118654735 0.70710678118654768 -1.9428902930940237e-16 
1 -30 7.9999999999999991 0 1 0 0 
1 -3.535533905932752 -38.890872965260115 22 -0.70710678118654735 0.70710678118654768 -1.9428902930940237e-16 
1 -30 22 0 0 -1 0 
1 17.677669529663678 -17.677669529663696 22.000000000000004 -0.70710678118654735 0.70710678118654768 -1.9428902930940237e-16 
1 2.4941443233123851e-39 22 0 -1 0 0 
1 17.677669529663678 -17.677669529663696 30.000000000000004 -0.70710678118654735 0.70710678118654768 -1.9428902930940237e-16 
1 2.4941443233123851e-39 30 0 0 -1 0 
1 2.4941443233123851e-39 30 0 -1 0 0 
Polygon3D 0
PolygonOnTriangulations 0
Surfaces 10
2 -23.33452377915609 -58.68986283848345 14.999999999999995 0.70710678118654746 -0.70710678118654768 1.9626155733547187e-16 0.70710678118654768 0.70710678118654746 1.6653345369377348e-16 -2.5653481247942766e-16 2.1020943676861476e-17 1 14.999999999999998
1 17.677669529663678 -17.677669529663696 30.000000000000004 -2.5514002453611344e-16 1.9626155733547248e-17 1 -0.70710678118654768 -0.70710678118654746 -1.6653345369377346e-16 0.70710678118654746 -0.70710678118654768 1.9428902930940242e-16 
1 -23.334523779156076 -58.689862838483442 -4.8017145815042044e-15 2.5514002453611344e-16 -1.9626155733547248e-17 -1 0.70710678118654768 0.70710678118654746 1.6653345369377346e-16 0.70710678118654746 -0.70710678118654768 1.9428902930940242e-16 
2 -23.33452377915609 -58.68986283848345 14.999999999999995 0.70710678118654746 -0.70710678118654768 1.9626155733547187e-16 0.70710678118654768 0.70710678118654746 1.6653345369377348e-16 -2.5653481247942766e-16 2.1020943676861476e-17 1 14.999999999999998
1 17.677669529663682 -17.677669529663696 8.0000000000000036 -0.70710678118654768 -0.70710678118654735 -1.6653345369377348e-16 2.5653481247942766e-16 -2.1020943676861473e-17 -1 0.70710678118654735 -0.70710678118654768 1.9626155733547184e-16 
1 -3.5355339059327484 -38.890872965260115 7.9999999999999982 2.5514002453611344e-16 -1.9626155733547248e-17 -1 0.70710678118654768 0.70710678118654746 1.6653345369377346e-16 0.70710678118654746 -0.70710678118654768 1.9428902930940242e-16 
1 -3.535533905932752 -38.890872965260115 22 -0.70710678118654768 -0.70710678118654735 -1.6653345369377348e-16 2.5653481247942766e-16 -2.1020943676861473e-17 -1 0.70710678118654735 -0.70710678118654768 1.9626155733547184e-16 
1 17.677669529663678 -17.677669529663696 22.000000000000004 -2.5514002453611344e-16 1.9626155733547248e-17 1 -0.70710678118654768 -0.70710678118654746 -1.6653345369377346e-16 0.70710678118654746 -0.70710678118654768 1.9428902930940242e-16 
1 17.677669529663678 -17.677669529663696 30.000000000000004 -0.70710678118654768 -0.70710678118654735 -1.6653345369377348e-16 2.5653481247942766e-16 -2.1020943676861473e-17 -1 0.70710678118654735 -0.70710678118654768 1.9626155733547184e-16 
1 -3.9685633708852683 -39.323902430212641 14.999999999999998 -0.70710678118654746 0.70710678118654757 -1.5760152530750462e-16 0.70710678118654757 0.70710678118654746 1.2325951644078309e-32 1.114411072702798e-16 -1.114411072702798e-16 -1 
Triangulations 0

TShapes 44
Ve
1e-07
-58 30 0
0 0

0101101
*
Ed
 1e-07 1 1 0
1  1 0 0 15
2  1 1 0 0 15
4 G1 1 0 2 0
0

0101000
+44 3 -44 5 *
Ve
1e-07
-58 0 0
0 0

0101101
*
Ed
 1e-07 1 1 0
1  2 0 0 15
2  2 1 0 0 15
4 G1 1 0 3 0
0

0101000
+42 3 -42 5 *
Ed
 1e-07 1 1 0
1  3 0 1.5707963267949 4.71238898038469
2  3 4 8 1.5707963267949 4.71238898038469
2  4 4 10 1.5707963267949 4.71238898038469
2  5 1 11 1.5707963267949 4.71238898038469
2  6 1 12 1.5707963267949 4.71238898038469
0

0101000
+44 0 -42 0 *
Wi

0101100
+43 0 -41 0 -40 3 +40 5 *
Fa
0  1e-07 1 0

0111000
+39 0 *
Ve
1e-07
0 -4.03896783473158e-28 0
0 0

0101101
*
Ed
 1e-07 1 1 0
1  4 0 0 15
0

0101000
+37 3 -37 5 *
Ed
 1e-07 1 1 0
1  5 0 0 58
0

0101000
+42 0 -37 0 *
Wi

0101100
+41 0 -36 0 -35 3 +35 5 *
Fa
0  1e-07 3 0

0111000
+34 0 *
Ve
1e-07
0 8 0
0 0

0101101
*
Ed
 1e-07 1 1 0
1  6 0 0 15
0

0101000
+32 3 -32 5 *
Ed
 1e-07 1 1 0
1  7 0 0 8
0

0101000
+32 0 -37 0 *
Wi

0101100
+31 0 -36 0 -30 3 +30 5 *
Fa
0  1e-07 5 0

0111000
+29 0 *
Ve
1.00000000444089e-07
-30 8 0
0 0

0101101
*
Ed
 1.00000000444089e-07 1 1 0
1  8 0 0 15
0

0101000
+27 3 -27 5 *
Ed
 1e-07 1 1 0
1  9 0 0 30
0

0101000
+27 0 -32 0 *
Wi

0101100
+26 0 -31 0 -25 3 +25 5 *
Fa
0  1e-07 6 0

0111000
+24 0 *
Ve
1e-07
-30 22 0
0 0

0101101
*
Ed
 1e-07 1 1 0
1  10 0 0 15
0

0101000
+22 3 -22 5 *
Ed
 1e-07 1 1 0
1  11 0 0 14
0

0101000
+22 0 -27 0 *
Wi

0101100
+21 0 -26 0 -20 3 +20 5 *
Fa
0  1e-07 7 0

0111000
+19 0 *
Ve
1e-07
2.49414432331239e-39 22 0
0 0

0101101
*
Ed
 1e-07 1 1 0
1  12 0 0 15
0

0101000
+17 3 -17 5 *
Ed
 1e-07 1 1 0
1  13 0 0 30
0

0101000
+17 0 -22 0 *
Wi

0101100
+16 0 -21 0 -15 3 +15 5 *
Fa
0  1e-07 8 0

0111000
+14 0 *
Ve
1e-07
2.49414432331239e-39 30 0
0 0

0101101
*
Ed
 1e-07 1 1 0
1  14 0 0 15
0

0101000
+12 3 -12 5 *
Ed
 1e-07 1 1 0
1  15 0 0 8
0

0101000
+12 0 -17 0 *
Wi

0101100
+11 0 -16 0 -10 3 +10 5 *
Fa
0  1e-07 9 0

0111000
+9 0 *
Ed
 1e-07 1 1 0
1  16 0 0 58
0

0101000
+12 0 -44 0 *
Wi

0101100
+11 0 -43 0 -7 3 +7 5 *
Fa
0  1e-07 2 0

0111000
+6 0 *
Wi

0101100
+40 0 +35 0 -30 0 -25 0 -20 0 -15 0 -10 0 +7 0 *
Fa
0  1e-07 10 0

0111000
-4 3 *
Sh

0101100
-38 0 -33 0 +28 0 +23 0 +18 0 +13 0 +8 0 -5 0 +3 0 -3 4 
*
So

0100000
-2 0 *

+1 0 ]]>
      </Part>
      <ElementMap new="1" count="1"><Element key="Dummy" value="Dummy"/></ElementMap>
      <ElementMap2 count="58">
<![CDATA[
8 PostfixCount 11
Edge
Face
Vertex
;:G;XTR;:H82a:7,F
;FAC;:H82a:4,F
;:G;XTR;:H82a:7,E
;:G0;XTR;:H82a:8,F
;:U;XTR;:H82a:7,E
;:U;XTR;:H82a:7,V
;SKT;:H82a,E
;SKT;:H82a,V

MapCount 1

ElementMap 1 8 3

Edge

ChildCount 0

NameCount 25
0
$#2b.6 0
$#2c.6 0
;g1.a 0
$#3d.8 0
$#2d.6 0
;g3.a 0
$#3e.8 0
$#2e.6 0
;g8.a 0
$#3f.8 0
$#2f.6 0
;g7.a 0
$#40.8 0
$#30.6 0
;g6.a 0
$#41.8 0
$#31.6 0
;g5.a 0
$#42.8 0
$#32.6 0
;g2.a 0
$#43.8 0
;g4.a 0
$#44.8 0

Face

ChildCount 0

NameCount 11
0
$#29.4 0
$#33.4 0
$#34.4 0
$#35.4 0
$#36.4 0
$#37.4 0
$#38.4 0
$#39.4 0
$#29.5 0
$#3b.7 0

Vertex

ChildCount 0

NameCount 17
0
;g1v1.b ;g4v2.b 0
$#46.9 0
;g1v2.b ;g3v1.b 0
$#47.9 0
;g3v2.b ;g8v2.b 0
$#48.9 0
;g7v2.b ;g8v1.b 0
$#49.9 0
;g6v2.b ;g7v1.b 0
$#4a.9 0
;g5v2.b ;g6v1.b 0
$#4b.9 0
;g2v2.b ;g5v1.b 0
$#4c.9 0
;g4v1.b ;g2v1.b 0
$#4d.9 0

EndMap
]]>
      </ElementMap2>
    </Property>
    <Property name="Suppress" type="App::PropertyBool">
      <Bool value="false"/>
    </Property>
    <Property name="SuppressedShape" type="Part::PropertyPartShape">
      <Part ElementMap="0.15.70200.4" brep="1">
<![CDATA[

CASCADE Topology V1, (c) Matra-Datavision
Locations 0
Curve2ds 0
Curves 0
Polygon3D 0
PolygonOnTriangulations 0
Surfaces 0
Triangulations 0

TShapes 0

*]]>
      </Part>
      <ElementMap/>
    </Property>
    <Property name="TaperAngle" type="App::PropertyAngle" status="4">
      <Float value="0"/>
    </Property>
    <Property name="TaperAngleRev" type="App::PropertyAngle" status="4">
      <Float value="0"/>
    </Property>
    <Property name="TaperInnerAngle" type="App::PropertyAngle">
      <Float value="0"/>
    </Property>
    <Property name="TaperInnerAngleRev" type="App::PropertyAngle">
      <Float value="0"/>
    </Property>
    <Property name="TreeRank" type="App::PropertyInteger" status="2184">
      <Integer value="15"/>
    </Property>
    <Property name="Type" type="App::PropertyEnumeration">
      <Integer value="0"/>
    </Property>
    <Property name="UpToFace" type="App::PropertyLinkSub">
      <LinkSub value="" count="0">
      </LinkSub>
    </Property>
    <Property name="UseCustomVector" type="App::PropertyBool">
      <Bool value="false"/>
    </Property>
    <Property name="UsePipeForDraft" type="App::PropertyBool">
      <Bool value="false"/>
    </Property>
    <Property name="ValidateShape" type="App::PropertyBool">
      <Bool value="false"/>
    </Property>
    <Property name="Visibility" type="App::PropertyBool" status="649">
      <Bool value="false"/>
    </Property>
    <Property name="_ProfileBasedVersion" type="App::PropertyInteger" status="67108864">
      <Integer value="1"/>
    </Property>
    <Property name="_Siblings" type="App::PropertyLinkList" status="218103808">
      <LinkList count="0">
      </LinkList>
    </Property>
  </Properties>
</Object>
</Document>
