<?xml version='1.0' encoding='utf-8'?>
<!-- FreeCAD DocumentObject -->
<Document SchemaVersion="4" FileVersion="2">
<Object name="Reference001">
  <Properties Count="35" TransientCount="1">
    <_Property name="_ElementMapVersion" type="App::PropertyString" status="234881024"/>
    <Property name="BindCopyOnChange" type="App::PropertyEnumeration">
      <Integer value="0"/>
    </Property>
    <Property name="BindMode" type="App::PropertyEnumeration">
      <Integer value="0"/>
    </Property>
    <Property name="Cache_Fillet" type="App::PropertyMatrix" group="Cache" attr="0" ro="0" hide="1" doc="" status="69206016">
      <PropertyMatrix a11="1" a12="0" a13="0" a14="0" a21="0" a22="1" a23="0" a24="0" a31="0" a32="0" a33="1" a34="0" a41="0" a42="0" a43="0" a44="1"/>
    </Property>
    <Property name="ClaimChildren" type="App::PropertyBool" status="134217728">
      <Bool value="false"/>
    </Property>
    <Property name="ColoredElements" type="App::PropertyLinkSubHidden" status="218103808">
      <LinkSub value="" count="0">
      </LinkSub>
    </Property>
    <Property name="Context" type="App::PropertyXLink" status="67108864">
      <XLink file="" stamp="" name="Body" sub="Reference001."/>
    </Property>
    <Property name="EdgeTolerance" type="App::PropertyPrecision">
      <Float value="1e-06"/>
    </Property>
    <Property name="ExpressionEngine" type="App::PropertyExpressionEngine" status="67108864">
      <ExpressionEngine count="0"></ExpressionEngine>
    </Property>
    <Property name="FaceMaker" type="App::PropertyString">
      <String value=""/>
    </Property>
    <Property name="FillStyle" type="App::PropertyEnumeration">
      <Integer value="0"/>
    </Property>
    <Property name="FixShape" type="App::PropertyEnumeration">
      <Integer value="1"/>
    </Property>
    <Property name="Fuse" type="App::PropertyBool">
      <Bool value="false"/>
    </Property>
    <Property name="InvalidShape" type="App::PropertyBool" status="67108864">
      <Bool value="false"/>
    </Property>
    <Property name="Label" type="App::PropertyString" status="134217728">
      <String value="Reference001(Fillet)"/>
    </Property>
    <Property name="Label2" type="App::PropertyString" status="128">
      <String value=""/>
    </Property>
    <Property name="MakeFace" type="App::PropertyBool">
      <Bool value="true"/>
    </Property>
    <Property name="MergeEdges" type="App::PropertyBool">
      <Bool value="true"/>
    </Property>
    <Property name="Offset" type="App::PropertyFloat">
      <Float value="0"/>
    </Property>
    <Property name="OffsetFill" type="App::PropertyBool">
      <Bool value="false"/>
    </Property>
    <Property name="OffsetIntersection" type="App::PropertyBool">
      <Bool value="false"/>
    </Property>
    <Property name="OffsetJoinType" type="App::PropertyEnumeration">
      <Integer value="0"/>
    </Property>
    <Property name="OffsetOpenResult" type="App::PropertyBool">
      <Bool value="false"/>
    </Property>
    <Property name="Outline" type="App::PropertyBool">
      <Bool value="false"/>
    </Property>
    <Property name="PartialLoad" type="App::PropertyBool" status="1024">
      <Bool value="false"/>
    </Property>
    <Property name="Placement" type="App::PropertyPlacement" status="8388608">
      <PropertyPlacement Px="0" Py="0" Pz="0" Q0="0" Q1="0" Q2="0" Q3="1" A="0" Ox="0" Oy="0" Oz="1"/>
    </Property>
    <Property name="Refine" type="App::PropertyBool">
      <Bool value="false"/>
    </Property>
    <Property name="Relative" type="App::PropertyBool">
      <Bool value="true"/>
    </Property>
    <Property name="Shape" type="Part::PropertyPartShape">
      <Part HasherIndex="0" ElementMap="1.15.70200.4" brep="1">
<![CDATA[

CASCADE Topology V1, (c) Matra-Datavision
Locations 79
1
              1               0               0               0 
              0               1               0               0 
              0               0               1               0 
1
              1               0               0               0 
              0               1               0               0 
              0               0               1               0 
1
              1               0               0               0 
              0               1               0               0 
              0               0               1               0 
1
              1               0               0               0 
              0               1               0               0 
              0               0               1               0 
2  2 1 3 1 4 1 0
1
              1               0               0               0 
              0               1               0               0 
              0               0               1               0 
2  6 -1 0
1
              1               0               0               0 
              0               1               0               0 
              0               0               1               0 
1
0.707106781186548 -2.56534812479428e-16 0.707106781186547 17.6776695296637 
0.707106781186547 2.10209436768615e-17 -0.707106781186548 -17.6776695296637 
1.66533453693773e-16               1 1.96261557335472e-16 4.85722573273506e-15 
2  8 1 9 1 6 1 0
2  6 -1 9 -1 8 -1 0
1
0.707106781186548 -2.56534812479428e-16 0.707106781186547 17.6776695296637 
0.707106781186547 2.10209436768615e-17 -0.707106781186548 -17.6776695296637 
1.66533453693773e-16               1 1.96261557335472e-16 4.85722573273506e-15 
1
              1               0               0               0 
              0               1               0               0 
              0               0               1               0 
2  12 -1 13 -1 0
1
              1               0               0 -10.6066017177982 
              0               1               0 10.6066017177982 
              0               0               1 -2.91433543964104e-15 
2  15 -1 12 -1 13 -1 0
2  9 -1 8 -1 0
1
              1               0               0 -10.6066017177982 
              0               1               0 10.6066017177982 
              0               0               1 -2.91433543964104e-15 
2  18 -1 9 -1 8 -1 0
1
0.707106781186548 -2.97281036416984e-17 0.707106781186548 17.6776695296637 
0.707106781186548 -3.62795011029245e-16 -0.707106781186548 -17.6776695296637 
2.77555756156289e-16               1 -2.35513868802566e-16 4.85722573273506e-15 
2  20 -1 0
1
0.707106781186548 -2.97281036416984e-17 0.707106781186548 17.6776695296637 
0.707106781186548 -3.62795011029245e-16 -0.707106781186548 -17.6776695296637 
2.77555756156289e-16               1 -2.35513868802566e-16 4.85722573273506e-15 
1
              1               0               0               0 
              0               1               0               0 
              0               0               1               0 
2  22 -1 23 -1 0
1
              1               0               0 -3.53553390593274 
              0               1               0 3.53553390593274 
              0               0               1 6.93889390390723e-17 
2  25 -1 22 -1 23 -1 0
1
0.707106781186548 -2.97281036416984e-17 0.707106781186548 17.6776695296637 
0.707106781186548 -3.62795011029245e-16 -0.707106781186548 -17.6776695296637 
2.77555756156289e-16               1 -2.35513868802566e-16 4.85722573273506e-15 
1
              1               0               0               0 
              0               1               0               0 
              0               0               1               0 
2  27 -1 28 -1 0
1
              1               0               0 -3.53553390593274 
              0               1               0 3.53553390593274 
              0               0               1 6.93889390390723e-17 
2  30 -1 27 -1 28 -1 0
1
0.707106781186548 -2.97281036416984e-17 0.707106781186548 17.6776695296637 
0.707106781186548 -3.62795011029245e-16 -0.707106781186548 -17.6776695296637 
2.77555756156289e-16               1 -2.35513868802566e-16 4.85722573273506e-15 
1
              1               0               0               0 
              0               1               0               0 
              0               0               1               0 
2  32 -1 33 -1 0
1
              1               0               0 -3.53553390593274 
              0               1               0 3.53553390593274 
              0               0               1 6.93889390390723e-17 
2  35 -1 32 -1 33 -1 0
1
0.707106781186548 -2.97281036416984e-17 0.707106781186548 17.6776695296637 
0.707106781186548 -3.62795011029245e-16 -0.707106781186548 -17.6776695296637 
2.77555756156289e-16               1 -2.35513868802566e-16 4.85722573273506e-15 
1
              1               0               0               0 
              0               1               0               0 
              0               0               1               0 
2  37 -1 38 -1 0
1
              1               0               0 -3.53553390593274 
              0               1               0 3.53553390593274 
              0               0               1 6.93889390390723e-17 
2  40 -1 37 -1 38 -1 0
1
0.707106781186548 -2.97281036416984e-17 0.707106781186548 17.6776695296637 
0.707106781186548 -3.62795011029245e-16 -0.707106781186548 -17.6776695296637 
2.77555756156289e-16               1 -2.35513868802566e-16 4.85722573273506e-15 
1
              1               0               0               0 
              0               1               0               0 
              0               0               1               0 
2  42 -1 43 -1 0
1
              1               0               0 7.07106781186547 
              0               1               0 -7.07106781186547 
              0               0               1 -1.38777878078145e-16 
2  45 -1 42 -1 43 -1 0
1
              1               0               0 7.07106781186547 
              0               1               0 -7.07106781186547 
              0               0               1 -1.38777878078145e-16 
2  47 -1 20 -1 0
1
              1               0               0 -7.07106781186547 
              0               1               0 7.07106781186547 
              0               0               1 1.38777878078145e-16 
2  49 -1 20 -1 0
1
              1               0               0 -7.07106781186547 
              0               1               0 7.07106781186547 
              0               0               1 1.38777878078145e-16 
2  51 -1 20 -1 0
1
              1               0               0 -5.65685424949238 
              0               1               0 5.65685424949238 
              0               0               1 1.11022302462516e-16 
2  53 -1 20 -1 0
1
              1               0               0 -4.94974746830583 
              0               1               0 4.94974746830583 
              0               0               1 9.71445146547011e-17 
2  55 -1 20 -1 0
1
              1               0               0 -4.24264068711928 
              0               1               0 4.24264068711928 
              0               0               1 8.32667268468867e-17 
2  57 -1 20 -1 0
1
              1               0               0 -4.24264068711929 
              0               1               0 4.24264068711929 
              0               0               1 8.32667268468867e-17 
2  59 -1 20 -1 0
1
              1               0               0 -4.24264068711929 
              0               1               0 4.24264068711929 
              0               0               1 8.32667268468867e-17 
2  61 -1 20 -1 0
2  8 1 9 1 18 1 6 1 0
2  6 -1 18 -1 9 -1 8 -1 0
2  8 1 9 1 0
2  8 1 9 1 18 1 0
2  20 1 61 1 0
2  18 1 6 1 0
1
              1               0               0 -10.6066017177982 
              0               1               0 10.6066017177982 
              0               0               1 2.08166817117217e-16 
2  20 1 69 1 0
1
              1               0               0 -10.6066017177982 
              0               1               0 10.6066017177982 
              0               0               1 2.08166817117217e-16 
2  71 -1 20 -1 0
1
              1               0               0 -10.6066017177982 
              0               1               0 10.6066017177982 
              0               0               1 2.08166817117217e-16 
2  73 -1 20 -1 0
1
              1               0               0 -10.6066017177982 
              0               1               0 10.6066017177982 
              0               0               1 2.08166817117217e-16 
2  75 -1 20 -1 0
1
              1               0               0 -10.6066017177982 
              0               1               0 10.6066017177982 
              0               0               1 2.08166817117217e-16 
2  77 -1 20 -1 0
2  69 -1 20 -1 0
Curve2ds 186
1 0 0 0 1 
1 30.612396142243018 -9.0000000000000053 -1 1.6653345369377346e-16 
1 0 1.5707963267948966 1 0 
2 2.6123961422430177 -5.0000000000000018 -1 0 -0 -1 4
1 0 0 1 0 
1 0 -15.000000000000002 1 0 
1 0 0 1 0 
1 0 -15.000000000000002 1 0 
1 0 0 0 1 
1 -1.3876038577569787 -7.0000000000000018 1.6653345369377343e-16 1 
1 0 1.5707963267948966 1 0 
2 2.6123961422430213 5 8.8817841970012523e-16 1 -1 8.8817841970012523e-16 4
1 0 0 0 1 
1 0.6123961422430213 9 1 -1.6653345369377346e-16 
1 0 0 1 0 
1 0 -5 1 0 
1 0 0 1 0 
1 0 -5 1 0 
1 0 0 1 0 
1 0 -5 1 0 
1 0 0 1 0 
1 0 -5 1 0 
1 0 0 1 0 
1 0 -10 1 0 
1 0 0 1 0 
1 0 -10 1 0 
1 0 0 1 0 
1 0 -10 1 0 
1 0 0 1 0 
1 0 -10 1 0 
1 0 0 1 0 
1 0 -7.9999999999999991 1 0 
1 0 0 1 0 
1 0 -6.9999999999999991 1 0 
1 0 0 1 0 
1 0 -5.9999999999999991 1 0 
1 0 0 1 0 
1 0 -6.0000000000000009 1 0 
1 0 0 1 0 
1 0 -6.0000000000000009 1 0 
1 0 0 1 0 
1 0 -5 1 0 
1 0 0 1 0 
1 0 -5 1 0 
1 0 0 1 0 
1 0 -5 1 0 
1 0 0 1 0 
1 0 -5 1 0 
1 0 0 1 0 
1 0 -10 1 0 
1 0 0 1 0 
1 0 -10 1 0 
1 0 0 1 0 
1 0 -10 1 0 
1 0 0 1 0 
1 0 -10 1 0 
1 0 0 1 0 
1 0 -7.9999999999999991 1 0 
1 0 0 1 0 
1 0 -6.9999999999999991 1 0 
1 0 0 1 0 
1 0 -5.9999999999999991 1 0 
1 0 0 1 0 
1 0 -6.0000000000000009 1 0 
1 0 0 1 0 
1 0 -6.0000000000000009 1 0 
1 1.5760152530750462e-16 -5.0242958677880805e-15 1 0 
2 6 -2.0000000000000022 1.9626155733547189e-16 1 1 -1.9626155733547189e-16 2
1 -3.1415926535897913 6.6940200621733014e-16 1 0 
2 5.9999999999999973 -13.000000000000005 1.9626155733547189e-16 1 -1 1.9626155733547189e-16 2
1 1.5707963267948966 0 0 1 
1 1.7763568394002505e-15 -2 1 -3.2355623065705568e-32 
8 1.5707963267948966 3.1415926535897931
1 -1.5707963267948966 28 1 0 
8 1.5707963267948966 3.1415926535897931
1 1.5707963267948968 0 0 1 
1 1.5707963267948963 0 0 -1 
8 1.5707963267948966 3.1415926535897931
1 -1.5707963267948966 2 1 0 
8 1.5707963267948966 3.1415926535897931
1 0 0 0 1 
1 1.5707963267948966 1.9999999999999964 -1 -0 
1 0 3.1415926535897931 1 0 
1 4.7123889803846906 0 0 -1 
1 1.5707963267948963 0 0 1 
1 0 -1.9999999999999893 1 0 
8 1.5707963267948966 3.1415926535897931
1 -1.5707963267948966 12.000000000000002 1 0 
8 1.5707963267948966 3.1415926535897931
1 1.5707963267948977 0 0 1 
8 1.5707963267948966 3.1415926535897931
1 -1.5707963267948966 2.0000000000000036 1 0 
8 1.5707963267948966 3.1415926535897931
1 0 0 0 1 
1 0 2 1 0 
1 0 3.1415926535897931 1 0 
1 -3.1415926535897931 30.000000000000004 1 0 
2 1.9999999999999996 -1.9999999999999916 -1.9626155733547189e-16 -1 1 -1.9626155733547189e-16 2
1 1.5760152530750462e-16 30.000000000000007 1 0 
2 2 -12.999999999999996 -1.9626155733547189e-16 -1 -1 1.9626155733547189e-16 2
1 1.5707963267948966 0 0 1 
1 -3.5527136788005009e-15 -1.9999999999999893 1 3.2355623065705568e-32 
1 4.7123889803842225 0 0 -1 
1 4.7123889803846986 0 0 -1 
1 1.570796326794893 0 0 -1 
1 7.8539816339744783 0 0 -1 
1 1.5707963267948966 0 0 1 
1 -1.7763568394002505e-15 -13.000000000000005 1 -3.2355623065705568e-32 
1 0 0 0 1 
1 28.000000000000004 0 -1.1102230246251562e-16 -1 
1 0 0 0 1 
1 30.612396142243021 -9.0000000000000107 -1 1.6653345369377346e-16 
8 1.5707963267948966 3.1415926535897931
1 -1.5707963267948966 28.000000000000007 1 0 
8 1.5707963267948966 3.1415926535897931
1 0 0 0 1 
1 0 1.5707963267948966 1 0 
2 2.6123961422430177 -5.0000000000000036 8.8817841970012444e-16 -1 -1 -8.8817841970012444e-16 4
1 0 0 0 1 
1 -1.3876038577569787 -7.0000000000000071 1.6653345369377343e-16 1 
1 0 1.5707963267948966 1 0 
2 2.6123961422430213 4.9999999999999982 -1 8.8817841970012523e-16 8.8817841970012523e-16 1 4
1 0 0 0 1 
1 0.6123961422430213 9 1 -1.6653345369377346e-16 
1 0 0 1 0 
1 0 -15.000000000000002 1 0 
1 0 0 1 0 
1 0 -15.000000000000002 1 0 
1 0 0 1 0 
1 0 -15.000000000000002 1 0 
1 0 0 1 0 
1 0 -15.000000000000002 1 0 
1 0 0 1 0 
1 0 -5 1 0 
1 0 0 1 0 
1 0 -5 1 0 
1 0 0 1 0 
1 0 -5 1 0 
1 0 0 1 0 
1 0 -5 1 0 
1 0 0 1 0 
1 0 -10 1 0 
1 0 0 1 0 
1 0 -15.000000000000002 1 0 
1 0 0 1 0 
1 0 -15.000000000000002 1 0 
1 0 0 1 0 
1 0 -15.000000000000002 1 0 
1 0 0 1 0 
1 0 -15.000000000000002 1 0 
1 0 0 1 0 
1 0 -15.000000000000002 1 0 
1 0 0 1 0 
1 0 -5 1 0 
1 0 0 1 0 
1 0 -5 1 0 
1 0 0 1 0 
1 0 -5 1 0 
1 0 0 1 0 
1 0 -5 1 0 
1 0 0 1 0 
1 0 -10 1 0 
1 0 0 1 0 
1 0 -15.000000000000002 1 0 
1 1.7763568394002473e-15 12.999999999999998 1 0 
1 0 3.1415926535897931 1 0 
1 1.5707963267948966 0 0 1 
1 2 0 -1.9725280260694705e-18 -1 
1 1.5707963267948966 0 0 1 
1 12.000000000000002 3.5527136788005009e-15 -1.9725280260694705e-18 -1 
1 1.5707963267948968 0 0 1 
1 -3.5527136788005009e-15 -12.999999999999991 1 0 
1 0 0 0 1 
1 2 3.5527136788005009e-15 1.1102230246251562e-16 -1 
1 1.5707963267948966 13 -1 -0 
1 0 3.1415926535897931 1 0 
1 1.5707963267948966 0 0 1 
1 -3.5527136788005009e-15 -12.999999999999995 1 3.2355623065705568e-32 
8 1.5707963267948966 3.1415926535897931
1 -1.5707963267948966 2.0000000000000049 1 0 
8 1.5707963267948966 3.1415926535897931
1 1.570796326794899 0 0 1 
8 -2.00000000000031 5.99999999999969
1 2.0000000000003175 3.3000000000006384 -1 -2.7755575615628904e-16 
8 -2.00000000000031 5.99999999999969
1 2.00000000000031 -6.0000000000000009 1 2.2204460492503131e-16 
2 -4.0000000000004947 1.9539925233402755e-13 1 2.7755575615628933e-16 -2.7755575615628933e-16 1 3.3000000000000007
1 0 -6.0000000000000062 1 0 
8 -2.0000000000008882 6.0000000000011475
1 -2.0000000000007145 -3.3000000000001322 1 5.3790305543075241e-14 
8 -2.0000000000008882 6.0000000000011475
1 2.0000000000008882 -6.0000000000000018 1 -2.2204460492503205e-16 
2 4.0000000000006253 6.4304117586289067e-13 1 2.7755575615628933e-16 -2.7755575615628933e-16 1 3.3000000000000007
1 0 -6.0000000000000009 1 0 
8 1.5707963267948966 3.1415926535897931
1 -1.5707963267948966 2.0000000000000036 1 0 
8 1.5707963267948966 3.1415926535897931
1 1.5707963267948948 0 0 1 
8 1.5707963267948966 3.1415926535897931
1 -1.5707963267948966 12.000000000000005 1 0 
8 1.5707963267948966 3.1415926535897931
1 0 0 0 1 
1 7.8539816339744837 0 0 -1 
1 4.7123889803846337 0 0 -1 
1 4.7123889803843575 0 0 -1 
1 1.5707963267945573 0 0 -1 
Curves 67
1 2.4941443233123851e-39 30 0 0 -1 0 
1 17.677669529663678 -17.677669529663696 24.000000000000004 -0.70710678118654768 -0.70710678118654746 -1.6653345369377348e-16 
1 2.4941443233123851e-39 30 0 -1 0 0 
2 -2.1213203435596544 -37.476659402887023 20 -0.70710678118654746 0.70710678118654757 -1.576015253075046e-16 -0.70710678118654757 -0.70710678118654746 -5.5466782398352393e-31 -1.1144110727028017e-16 1.1144110727027941e-16 1 4
2 -58 14.999999999999998 0 0 0 1 1 0 0 0 1 0 14.999999999999998
1 -4.9497474683058424 -40.305086527633215 22 2.5653481247942766e-16 -2.1020943676861476e-17 -1 
1 -57.999999999999993 -4.0389678347315804e-28 0 1 0 0 
2 -2.1213203435596508 -37.476659402887023 9.9999999999999982 -0.70710678118654746 0.70710678118654757 -1.576015253075046e-16 8.8859722450788943e-16 6.6571500996732973e-16 -1 -0.70710678118654757 -0.70710678118654746 -1.0990647210786425e-15 4
1 2.4941443233123851e-39 7.9999999999999991 0 0 -1 0 
1 -3.5355339059327413 -38.890872965260122 5.9999999999999982 0.70710678118654768 0.70710678118654746 1.6653345369377348e-16 
1 -58.000000000002593 9.4999999999965414 0 1 2.7644553313153458e-13 0 
2 -58.000000000000021 15.000000000000021 0 0 0 1 1 0 -0 -0 1 0 5.5
1 -49.99999999999887 20.500000000000774 0 -1 -5.462297281154999e-14 0 
2 -49.999999999998899 15.000000000000467 0 0 0 1 1 0 -0 -0 1 0 5.5
1 17.677669529663678 -17.677669529663696 22.000000000000004 -0.70710678118654735 0.70710678118654768 -1.9428902930940237e-16 
8 0 1.5707963267948966
2 16.263455967290586 -16.263455967290597 24.000000000000004 0.70710678118654768 0.70710678118654746 1.6653345369377348e-16 0.70710678118654746 -0.70710678118654768 -1.2325951644078309e-32 1.1775693440128314e-16 1.1775693440128312e-16 -1 2
8 3.1415926535897913 4.7123889803846888
2 8.4852813742385607 -8.4852813742385713 24.000000000000004 -0.70710678118654768 -0.70710678118654746 -1.6653345369377348e-16 0.70710678118654746 -0.70710678118654768 -1.2325951644078309e-32 -1.1775693440128314e-16 -1.1775693440128312e-16 1 2
1 17.677669529663678 -17.677669529663696 30.000000000000004 -0.70710678118654735 0.70710678118654768 -1.9428902930940237e-16 
1 16.263455967290582 -16.2634559672906 22.000000000000004 -0.70710678118654768 -0.70710678118654746 -1.6653345369377348e-16 
2 -3.5355339059327493 -36.062445840513931 24 0.70710678118654757 0.70710678118654746 -1.6081226496766307e-16 2.2703357863226706e-18 2.2515255032688222e-16 1 0.70710678118654746 -0.70710678118654757 1.576015253075046e-16 2
1 -23.334523779156083 -58.689862838483442 29.999999999999993 -0.70710678118654735 0.70710678118654768 -1.9428902930940237e-16 
2 -6.36396103067894 -38.890872965260122 20 -1.1144110727028017e-16 1.1144110727027941e-16 1 -0.70710678118654757 -0.70710678118654746 -5.5466782398352393e-31 0.70710678118654746 -0.70710678118654757 1.576015253075046e-16 2
2 -3.5355339059327493 -36.062445840513931 20 -0.70710678118654746 0.70710678118654757 -1.576015253075046e-16 -0.70710678118654757 -0.70710678118654746 -5.5466782398352393e-31 -1.1144110727028017e-16 1.1144110727027941e-16 1 2
1 -23.334523779156076 -58.689862838483442 -4.8017145815038005e-15 -0.70710678118654735 0.70710678118654768 -1.9428902930940237e-16 
1 -4.9497474683058416 -37.47665940288703 22 2.5653481247942766e-16 -2.1020943676861476e-17 -1 
2 -6.3639610306789365 -38.890872965260122 9.9999999999999982 -1.4684879797777642e-16 7.6033416562783153e-17 1 -0.70710678118654757 -0.70710678118654746 -5.0074036410853564e-17 0.70710678118654746 -0.70710678118654757 1.576015253075046e-16 2
1 17.677669529663685 -17.677669529663696 4.857225732734656e-15 -0.70710678118654735 0.70710678118654768 -1.9428902930940237e-16 
2 -3.5355339059327422 -36.062445840513931 5.9999999999999982 -0.70710678118654757 -0.70710678118654746 -1.0990647210786425e-15 8.8859722450788943e-16 6.6571500996732963e-16 -1 0.70710678118654746 -0.70710678118654757 1.5760152530750474e-16 2
2 -3.5355339059327457 -36.062445840513931 9.9999999999999982 -0.70710678118654746 0.70710678118654757 -1.576015253075046e-16 8.8859722450788943e-16 6.6571500996732973e-16 -1 -0.70710678118654757 -0.70710678118654746 -1.0990647210786425e-15 2
1 17.677669529663682 -17.677669529663696 8.0000000000000036 -0.70710678118654735 0.70710678118654768 -1.9428902930940237e-16 
8 3.1415926535897931 4.7123889803846897
2 16.263455967290593 -16.263455967290607 6.0000000000000036 -0.70710678118654768 -0.70710678118654746 -1.6653345369377348e-16 -0.70710678118654746 0.70710678118654768 1.2325951644078309e-32 1.1775693440128314e-16 1.1775693440128312e-16 -1 2
8 3.821045009664272e-31 1.5707963267948966
2 8.4852813742385713 -8.4852813742385749 6.0000000000000009 0.70710678118654768 0.70710678118654746 1.6653345369377348e-16 -0.70710678118654746 0.70710678118654768 1.2325951644078309e-32 -1.1775693440128314e-16 -1.1775693440128312e-16 1 2
1 -4.9497474683058362 -37.47665940288703 7.9999999999999982 0.70710678118654768 0.70710678118654746 1.6653345369377348e-16 
1 -23.334523779157909 -58.689862838485297 9.4999999999982716 -0.70710678118654746 0.70710678118654746 1.3877787807814451e-17 
1 -17.677669529662882 -53.03300858899027 9.4999999999996021 -0.70710678118654746 0.70710678118654746 1.3877787807814451e-17 
1 -23.334523779156076 -58.689862838483478 20.500000000000167 -0.70710678118654746 0.70710678118654746 1.3877787807814451e-17 
1 -17.677669529662897 -53.033008588990299 20.500000000000615 -0.70710678118654746 0.70710678118654746 1.3877787807814451e-17 
1 8.4852813742385607 -8.4852813742385713 22.000000000000004 -0.70710678118654768 -0.70710678118654746 -1.6653345369377348e-16 
1 -2.1213203435596566 -37.476659402887023 22 -0.70710678118654735 0.70710678118654768 -1.9428902930940237e-16 
1 7.0710678118654657 -7.0710678118654755 24.000000000000004 -0.70710678118654768 -0.70710678118654746 -1.6653345369377348e-16 
2 -11.313708498984772 -28.284271247461906 24 -0.70710678118654757 -0.70710678118654746 -6.2803698347351135e-16 -5.5553031712034335e-16 -3.326481025797837e-16 1 -0.70710678118654746 0.70710678118654757 -1.576015253075046e-16 2
2 -12.727922061357866 -26.87005768508881 20 0.70710678118654746 -0.70710678118654757 1.576015253075046e-16 -5.5553031712034335e-16 -3.326481025797837e-16 1 -0.70710678118654757 -0.70710678118654746 -6.2803698347351135e-16 4
1 -15.556349186104054 -29.698484809834998 22 2.5653481247942766e-16 -2.1020943676861476e-17 -1 
2 -12.727922061357862 -26.87005768508881 9.9999999999999964 0.70710678118654746 -0.70710678118654757 1.576015253075046e-16 -0.70710678118654757 -0.70710678118654746 -8.8817841970012484e-16 7.3947809074378952e-16 5.1659587620322992e-16 -1 4
1 -14.142135623730958 -28.284271247461906 5.9999999999999956 0.70710678118654768 0.70710678118654746 1.6653345369377348e-16 
2 -49.999999999998899 15.000000000000467 0 0 0 1 1 0 -0 -0 1 0 3.2999999999999998
1 -58.000000000001123 11.699999999999589 0 1 5.3512749786918952e-14 0 
2 -58.000000000000021 15.000000000000021 0 0 0 1 1 0 -0 -0 1 0 3.2999999999999998
1 -49.999999999998899 18.300000000000466 0 -1 0 0 
2 -11.31370849898477 -28.284271247461906 20 0.70710678118654746 -0.70710678118654757 1.576015253075046e-16 -5.5553031712034335e-16 -3.326481025797837e-16 1 -0.70710678118654757 -0.70710678118654746 -6.2803698347351135e-16 2
1 -3.5355339059327515 -38.890872965260115 20 -0.70710678118654735 0.70710678118654768 -1.9428902930940237e-16 
1 -3.5355339059327489 -38.890872965260115 9.9999999999999982 -0.70710678118654735 0.70710678118654768 -1.9428902930940237e-16 
1 -12.727922061357862 -29.698484809834998 22 2.5653481247942766e-16 -2.1020943676861476e-17 -1 
1 -2.121320343559653 -37.476659402887023 7.9999999999999982 -0.70710678118654735 0.70710678118654768 -1.9428902930940237e-16 
2 -11.313708498984766 -28.284271247461906 9.9999999999999964 0.70710678118654746 -0.70710678118654757 1.576015253075046e-16 -0.70710678118654757 -0.70710678118654746 -8.8817841970012484e-16 7.3947809074378952e-16 5.1659587620322992e-16 -1 2
1 -12.727922061357862 -29.698484809835001 7.9999999999999956 0.70710678118654768 0.70710678118654746 1.6653345369377348e-16 
2 -11.313708498984758 -28.284271247461898 5.9999999999999964 0.70710678118654757 0.70710678118654746 3.2694367339181013e-15 2.4232819924841674e-15 2.2003997779436077e-15 -1 -0.70710678118654746 0.70710678118654757 -1.5760152530750445e-16 2
1 -23.334523779155518 -50.204581464244342 18.300000000000459 -0.70710678118654735 -0.70710678118654768 -2.7755575615628904e-16 
2 -27.577164466275377 -54.447222151364201 15.000000000000016 0.70710678118654757 -0.70710678118654757 -2.3551386880256624e-16 0.70710678118654757 0.70710678118654757 2.7755575615628909e-16 -2.9728103641698378e-17 -3.6279501102924527e-16 1 3.3000000000000007
1 -26.162950903902434 -53.033008588991265 11.699999999999688 0.70710678118654735 0.70710678118654768 5.3790305543075241e-14 
2 -21.920310216782205 -48.790367901871029 15.000000000000464 0.70710678118654757 -0.70710678118654757 -2.3551386880256624e-16 0.70710678118654757 0.70710678118654757 2.7755575615628909e-16 -2.9728103641698378e-17 -3.6279501102924527e-16 1 3.3000000000000007
2 -14.14213562373096 -31.112698372208094 20.000000000000004 -7.4384145263845141e-16 -9.6672366717901091e-16 -1 -0.70710678118654757 -0.70710678118654746 1.2095521958841067e-15 -0.70710678118654746 0.70710678118654757 -1.5760152530750465e-16 2
2 -14.142135623730956 -31.112698372208094 9.9999999999999929 7.3947809074378952e-16 5.1659587620322992e-16 -1 -0.70710678118654757 -0.70710678118654746 -8.8817841970012484e-16 -0.70710678118654746 0.70710678118654757 -1.5760152530750455e-16 2
1 -17.677669529662918 -53.033008588990313 18.300000000000459 -0.70710678118654746 0.70710678118654746 1.3877787807814452e-17 
1 -17.677669529663053 -53.033008588990455 11.700000000000236 -0.70710678118654746 0.70710678118654746 1.3877787807814452e-17 
1 -23.334523779156871 -58.689862838484274 11.699999999999795 -0.70710678118654746 0.70710678118654746 1.3877787807814452e-17 
1 -23.334523779155294 -58.689862838482696 18.300000000000235 -0.70710678118654746 0.70710678118654746 1.3877787807814452e-17 
Polygon3D 0
PolygonOnTriangulations 0
Surfaces 73
1 -3.9685633708852683 -39.323902430212641 14.999999999999998 -0.70710678118654746 0.70710678118654757 -1.5760152530750462e-16 0.70710678118654757 0.70710678118654746 1.2325951644078309e-32 1.114411072702798e-16 -1.114411072702798e-16 -1 
2 16.263455967290582 -16.2634559672906 24.000000000000004 -0.70710678118654768 -0.70710678118654746 -1.6653345369377348e-16 0.70710678118654746 -0.70710678118654768 1.5760152530750462e-16 2.2919804167156294e-16 6.3158271310032946e-18 -1 2
5 -3.5355339059327493 -36.062445840513931 20 0.70710678118654746 -0.70710678118654757 1.576015253075046e-16 -0.70710678118654757 -0.70710678118654746 -5.5466782398352393e-31 -1.1144110727028017e-16 1.1144110727027941e-16 1 4 2
2 -23.33452377915609 -58.68986283848345 14.999999999999995 0.70710678118654746 -0.70710678118654768 1.9626155733547187e-16 0.70710678118654768 0.70710678118654746 1.6653345369377348e-16 -2.5653481247942766e-16 2.1020943676861476e-17 1 14.999999999999998
2 -23.33452377915609 -58.68986283848345 14.999999999999995 0.70710678118654746 -0.70710678118654768 1.9626155733547187e-16 0.70710678118654768 0.70710678118654746 1.6653345369377348e-16 -2.5653481247942766e-16 2.1020943676861476e-17 1 14.999999999999998
2 -6.3639610306789374 -38.890872965260122 22 2.5653481247942766e-16 -2.1020943676861476e-17 -1 0.70710678118654746 -0.70710678118654757 1.9626155733547187e-16 0.70710678118654757 0.70710678118654746 1.6653345369377343e-16 2
5 -3.5355339059327457 -36.062445840513931 9.9999999999999982 0.70710678118654746 -0.70710678118654757 1.576015253075046e-16 8.8859722450788943e-16 6.6571500996732973e-16 -1 -0.70710678118654757 -0.70710678118654746 -1.0990647210786425e-15 4 2
2 -4.9497474683058362 -37.47665940288703 5.9999999999999982 0.70710678118654768 0.70710678118654746 1.6653345369377348e-16 0.70710678118654746 -0.70710678118654768 1.5760152530750462e-16 -2.2919804167156294e-16 -6.3158271310032946e-18 1 2
2 -23.334523779156083 -58.689862838483478 15.000000000000011 0.70710678118654757 -0.70710678118654757 -2.3551386880256624e-16 0.70710678118654757 0.70710678118654757 2.7755575615628909e-16 -2.9728103641698396e-17 -3.6279501102924527e-16 1 5.5
2 -23.334523779156083 -58.689862838483478 15.000000000000011 0.70710678118654757 -0.70710678118654757 -2.3551386880256624e-16 0.70710678118654757 0.70710678118654757 2.7755575615628909e-16 -2.9728103641698396e-17 -3.6279501102924527e-16 1 5.5
2 -23.334523779156083 -58.689862838483478 15.000000000000011 0.70710678118654757 -0.70710678118654757 -2.3551386880256624e-16 0.70710678118654757 0.70710678118654757 2.7755575615628909e-16 -2.9728103641698396e-17 -3.6279501102924527e-16 1 5.5
2 -23.334523779156083 -58.689862838483478 15.000000000000011 0.70710678118654757 -0.70710678118654757 -2.3551386880256624e-16 0.70710678118654757 0.70710678118654757 2.7755575615628909e-16 -2.9728103641698396e-17 -3.6279501102924527e-16 1 5.5
2 -23.334523779156083 -58.689862838483478 15.000000000000011 -0.70710678118654757 0.70710678118654757 2.3551386880256624e-16 0.70710678118654757 0.70710678118654757 2.7755575615628909e-16 -2.9728103641698396e-17 -3.6279501102924527e-16 1 5.5
2 -23.33452377915609 -58.689862838483492 15.000000000000014 -0.70710678118654757 0.70710678118654757 2.3551386880256624e-16 0.70710678118654757 0.70710678118654757 2.7755575615628909e-16 -2.9728103641698396e-17 -3.6279501102924527e-16 1 5.5000000000000009
2 -23.33452377915609 -58.689862838483492 15.000000000000014 0.70710678118654757 -0.70710678118654757 -2.3551386880256624e-16 0.70710678118654757 0.70710678118654757 2.7755575615628909e-16 -2.9728103641698396e-17 -3.6279501102924527e-16 1 5.5000000000000009
2 -23.33452377915609 -58.689862838483492 15.000000000000014 0.70710678118654757 -0.70710678118654757 -2.3551386880256624e-16 0.70710678118654757 0.70710678118654757 2.7755575615628909e-16 -2.9728103641698396e-17 -3.6279501102924527e-16 1 5.5000000000000009
2 -23.33452377915609 -58.689862838483492 15.000000000000014 0.70710678118654757 -0.70710678118654757 -2.3551386880256624e-16 0.70710678118654757 0.70710678118654757 2.7755575615628909e-16 -2.9728103641698396e-17 -3.6279501102924527e-16 1 5.5000000000000009
2 -23.33452377915609 -58.689862838483492 15.000000000000014 0.70710678118654757 -0.70710678118654757 -2.3551386880256624e-16 0.70710678118654757 0.70710678118654757 2.7755575615628909e-16 -2.9728103641698396e-17 -3.6279501102924527e-16 1 5.5000000000000009
2 -23.33452377915609 -58.689862838483492 15.000000000000014 0.70710678118654757 -0.70710678118654757 -2.3551386880256624e-16 0.70710678118654757 0.70710678118654757 2.7755575615628909e-16 -2.9728103641698396e-17 -3.6279501102924527e-16 1 5.5000000000000009
2 -23.33452377915609 -58.689862838483492 15.000000000000014 0.70710678118654757 -0.70710678118654757 -2.3551386880256624e-16 0.70710678118654757 0.70710678118654757 2.7755575615628909e-16 -2.9728103641698396e-17 -3.6279501102924527e-16 1 5.5000000000000009
2 -23.33452377915609 -58.689862838483492 15.000000000000014 0.70710678118654757 -0.70710678118654757 -2.3551386880256624e-16 0.70710678118654757 0.70710678118654757 2.7755575615628909e-16 -2.9728103641698396e-17 -3.6279501102924527e-16 1 5.5000000000000009
2 -17.677669529662911 -53.033008588990313 15.000000000000458 0.70710678118654757 -0.70710678118654757 -2.3551386880256624e-16 0.70710678118654757 0.70710678118654757 2.7755575615628909e-16 -2.9728103641698396e-17 -3.6279501102924527e-16 1 5.5
2 -17.677669529662911 -53.033008588990313 15.000000000000458 0.70710678118654757 -0.70710678118654757 -2.3551386880256624e-16 0.70710678118654757 0.70710678118654757 2.7755575615628909e-16 -2.9728103641698396e-17 -3.6279501102924527e-16 1 5.5
2 -17.677669529662911 -53.033008588990313 15.000000000000458 0.70710678118654757 -0.70710678118654757 -2.3551386880256624e-16 0.70710678118654757 0.70710678118654757 2.7755575615628909e-16 -2.9728103641698396e-17 -3.6279501102924527e-16 1 5.5
2 -17.677669529662911 -53.033008588990313 15.000000000000458 0.70710678118654757 -0.70710678118654757 -2.3551386880256624e-16 0.70710678118654757 0.70710678118654757 2.7755575615628909e-16 -2.9728103641698396e-17 -3.6279501102924527e-16 1 5.5
2 -17.677669529662911 -53.033008588990313 15.000000000000458 -0.70710678118654757 0.70710678118654757 2.3551386880256624e-16 0.70710678118654757 0.70710678118654757 2.7755575615628909e-16 -2.9728103641698396e-17 -3.6279501102924527e-16 1 5.5
2 -17.677669529662918 -53.033008588990313 15.000000000000462 -0.70710678118654757 0.70710678118654757 2.3551386880256624e-16 0.70710678118654757 0.70710678118654757 2.7755575615628909e-16 -2.9728103641698396e-17 -3.6279501102924527e-16 1 5.5000000000000009
2 -17.677669529662918 -53.033008588990313 15.000000000000462 0.70710678118654757 -0.70710678118654757 -2.3551386880256624e-16 0.70710678118654757 0.70710678118654757 2.7755575615628909e-16 -2.9728103641698396e-17 -3.6279501102924527e-16 1 5.5000000000000009
2 -17.677669529662918 -53.033008588990313 15.000000000000462 0.70710678118654757 -0.70710678118654757 -2.3551386880256624e-16 0.70710678118654757 0.70710678118654757 2.7755575615628909e-16 -2.9728103641698396e-17 -3.6279501102924527e-16 1 5.5000000000000009
2 -17.677669529662918 -53.033008588990313 15.000000000000462 0.70710678118654757 -0.70710678118654757 -2.3551386880256624e-16 0.70710678118654757 0.70710678118654757 2.7755575615628909e-16 -2.9728103641698396e-17 -3.6279501102924527e-16 1 5.5000000000000009
2 -17.677669529662918 -53.033008588990313 15.000000000000462 0.70710678118654757 -0.70710678118654757 -2.3551386880256624e-16 0.70710678118654757 0.70710678118654757 2.7755575615628909e-16 -2.9728103641698396e-17 -3.6279501102924527e-16 1 5.5000000000000009
2 -17.677669529662918 -53.033008588990313 15.000000000000462 0.70710678118654757 -0.70710678118654757 -2.3551386880256624e-16 0.70710678118654757 0.70710678118654757 2.7755575615628909e-16 -2.9728103641698396e-17 -3.6279501102924527e-16 1 5.5000000000000009
2 -17.677669529662918 -53.033008588990313 15.000000000000462 0.70710678118654757 -0.70710678118654757 -2.3551386880256624e-16 0.70710678118654757 0.70710678118654757 2.7755575615628909e-16 -2.9728103641698396e-17 -3.6279501102924527e-16 1 5.5000000000000009
2 -17.677669529662918 -53.033008588990313 15.000000000000462 0.70710678118654757 -0.70710678118654757 -2.3551386880256624e-16 0.70710678118654757 0.70710678118654757 2.7755575615628909e-16 -2.9728103641698396e-17 -3.6279501102924527e-16 1 5.5000000000000009
1 17.677669529663678 -17.677669529663696 30.000000000000004 -0.70710678118654768 -0.70710678118654735 -1.6653345369377348e-16 2.5653481247942766e-16 -2.1020943676861473e-17 -1 0.70710678118654735 -0.70710678118654768 1.9626155733547184e-16 
2 8.4852813742385607 -8.4852813742385713 24.000000000000004 -0.70710678118654768 -0.70710678118654746 -1.6653345369377348e-16 -0.70710678118654746 0.70710678118654768 -1.5760152530750462e-16 2.2919804167156294e-16 6.3158271310032946e-18 -1 2
1 17.677669529663678 -17.677669529663696 22.000000000000004 -2.5514002453611344e-16 1.9626155733547248e-17 1 -0.70710678118654768 -0.70710678118654746 -1.6653345369377346e-16 0.70710678118654746 -0.70710678118654768 1.9428902930940242e-16 
1 17.677669529663678 -17.677669529663696 30.000000000000004 -2.5514002453611344e-16 1.9626155733547248e-17 1 -0.70710678118654768 -0.70710678118654746 -1.6653345369377346e-16 0.70710678118654746 -0.70710678118654768 1.9428902930940242e-16 
2 -2.1213203435596562 -37.476659402887023 20 -0.70710678118654735 0.70710678118654768 -1.9428902930940237e-16 -2.5514002453611344e-16 1.9626155733547248e-17 1 -0.70710678118654768 -0.70710678118654735 -1.6653345369377346e-16 2
1 -23.334523779156076 -58.689862838483442 -4.8017145815042044e-15 2.5514002453611344e-16 -1.9626155733547248e-17 -1 0.70710678118654768 0.70710678118654746 1.6653345369377346e-16 0.70710678118654746 -0.70710678118654768 1.9428902930940242e-16 
1 -3.535533905932752 -38.890872965260115 22 -0.70710678118654768 -0.70710678118654735 -1.6653345369377348e-16 2.5653481247942766e-16 -2.1020943676861473e-17 -1 0.70710678118654735 -0.70710678118654768 1.9626155733547184e-16 
2 -2.1213203435596535 -37.476659402887023 9.9999999999999982 -0.70710678118654735 0.70710678118654768 -1.9428902930940237e-16 2.5514002453611344e-16 -1.9626155733547248e-17 -1 -0.70710678118654768 -0.70710678118654735 -1.6653345369377346e-16 2
1 17.677669529663682 -17.677669529663696 8.0000000000000036 -0.70710678118654768 -0.70710678118654735 -1.6653345369377348e-16 2.5653481247942766e-16 -2.1020943676861473e-17 -1 0.70710678118654735 -0.70710678118654768 1.9626155733547184e-16 
2 -12.727922061357862 -29.698484809835001 5.9999999999999956 0.70710678118654768 0.70710678118654746 1.6653345369377348e-16 -0.70710678118654746 0.70710678118654768 -1.5760152530750462e-16 -2.2919804167156294e-16 -6.3158271310032946e-18 1 2
